-0.999000	99871344109.275860	0.000000	0.0
-0.998000	12555922055.325014	0.000000	0.0
-0.997000	3732894217.751304	0.000000	0.0
-0.996000	1578628460.151241	0.000000	0.0
-0.995000	809785518.113208	0.000000	0.0
-0.994000	469354191.459704	0.000000	0.0
-0.993000	295960830.449387	0.000000	0.0
-0.992000	198499184.868614	0.000000	0.0
-0.991000	139554968.157259	0.000000	0.0
-0.990000	101829274.936157	0.000000	0.0
-0.989000	76569984.941198	0.000000	0.0
-0.988000	59023809.880301	0.000000	0.0
-0.987000	46456920.678047	0.000000	0.0
-0.986000	37220713.784238	0.000000	0.0
-0.985000	30280643.897699	0.000000	0.0
-0.984000	24965089.132376	0.000000	0.0
-0.983000	20825072.616122	0.000000	0.0
-0.982000	17552687.556589	0.000000	0.0
-0.981000	14931971.396675	0.000000	0.0
-0.980000	12808399.803565	0.000000	0.0
-0.979000	11069422.085737	0.000000	0.0
-0.978000	9631737.721489	0.000000	0.0
-0.977000	8432797.038050	0.000000	0.0
-0.976000	7425011.475220	0.000000	0.0
-0.975000	6571739.031493	0.000000	0.0
-0.974000	5844455.255357	0.000000	0.0
-0.973000	5220729.981602	0.000000	0.0
-0.972000	4682760.540501	0.000000	0.0
-0.971000	4216294.996163	0.000000	0.0
-0.970000	3809832.501358	0.000000	0.0
-0.969000	3454023.041020	0.000000	0.0
-0.968000	3141212.326736	0.000000	0.0
-0.967000	2865093.515488	0.000000	0.0
-0.966000	2620438.349280	0.000000	0.0
-0.965000	2402887.906204	0.000000	0.0
-0.964000	2208788.495155	0.000000	0.0
-0.963000	2035062.025299	0.000000	0.0
-0.962000	1879102.911210	0.000000	0.0
-0.961000	1738695.555234	0.000000	0.0
-0.960000	1611947.899049	0.000000	0.0
-0.959000	1497237.607622	0.000000	0.0
-0.958000	1393168.246527	0.000000	0.0
-0.957000	1298533.412262	0.000000	0.0
-0.956000	1212287.227809	0.000000	0.0
-0.955000	1133519.960245	0.000000	0.0
-0.954000	1061437.781262	0.000000	0.0
-0.953000	995345.895112	0.000000	0.0
-0.952000	934634.416484	0.000000	0.0
-0.951000	878766.504140	0.000000	0.0
-0.950000	827268.352859	0.000000	0.0
-0.949000	779720.722572	0.000000	0.0
-0.948000	735751.744053	0.000000	0.0
-0.947000	695030.788737	-0.947000	-0.9
-0.946000	657263.228795	0.000000	0.0
-0.945000	622185.944603	0.000000	0.0
-0.944000	589563.461762	0.000000	0.0
-0.943000	559184.620134	0.000000	0.0
-0.942000	530859.693847	0.000000	0.0
-0.941000	504417.894716	0.000000	0.0
-0.940000	479705.202605	0.000000	0.0
-0.939000	456582.475317	0.000000	0.0
-0.938000	434923.798154	0.000000	0.0
-0.937000	414615.039476	-0.937000	-0.9
-0.936000	395552.583779	-0.936000	-0.9
-0.935000	377642.218119	-0.935000	-0.9
-0.934000	360798.151306	-0.934000	-0.9
-0.933000	344942.148331	-0.933000	-0.9
-0.932000	330002.764996	-0.932000	-0.9
-0.931000	315914.669899	-0.931000	-0.9
-0.930000	302618.042702	-0.930000	-0.9
-0.929000	290058.039169	-0.929000	-0.9
-0.928000	278184.314748	-0.928000	-0.9
-0.927000	266950.599580	-0.927000	-0.9
-0.926000	256314.318788	-0.926000	-0.9
-0.925000	246236.252669	-0.925000	-0.9
-0.924000	236680.232151	-0.924000	-0.9
-0.923000	227612.865437	-0.923000	-0.9
-0.922000	219003.292298	-0.922000	-0.9
-0.921000	210822.962897	-0.921000	-0.9
-0.920000	203045.438433	-0.920000	-0.9
-0.919000	195646.211203	-0.919000	-0.9
-0.918000	188602.541991	-0.918000	-0.9
-0.917000	181893.312915	-0.917000	-0.9
-0.916000	175498.894113	-0.916000	-0.9
-0.915000	169401.022804	-0.915000	-0.9
-0.914000	163582.693464	-0.914000	-0.9
-0.913000	158028.057969	-0.913000	-0.9
-0.912000	152722.334698	-0.912000	-0.9
-0.911000	147651.725716	-0.911000	-0.9
-0.910000	142803.341211	-0.910000	-0.9
-0.909000	138165.130513	-0.909000	-0.9
-0.908000	133725.819018	-0.908000	-0.9
-0.907000	129474.850493	-0.907000	-0.9
-0.906000	125402.334218	-0.906000	-0.9
-0.905000	121498.996533	-0.905000	-0.9
-0.904000	117756.136378	-0.904000	-0.9
-0.903000	114165.584453	-0.903000	-0.9
-0.902000	110719.665677	-0.902000	-0.9
-0.901000	107411.164644	-0.901000	-0.9
-0.900000	104233.293812	-0.900000	-0.9
-0.899000	101179.664189	-0.899000	-0.9
-0.898000	98244.258281	-0.898000	-0.9
-0.897000	95421.405131	-0.897000	-0.9
-0.896000	92705.757250	-0.896000	-0.9
-0.895000	90092.269289	-0.895000	-0.9
-0.894000	87576.178299	-0.894000	-0.9
-0.893000	85152.985461	-0.893000	-0.9
-0.892000	82818.439146	-0.892000	-0.9
-0.891000	80568.519208	-0.891000	-0.9
-0.890000	78399.422412	-0.890000	-0.9
-0.889000	76307.548894	-0.889000	-0.9
-0.888000	74289.489582	-0.888000	-0.9
-0.887000	72342.014503	-0.887000	-0.9
-0.886000	70462.061891	-0.886000	-0.9
-0.885000	68646.728061	-0.885000	-0.9
-0.884000	66893.257956	-0.884000	-0.9
-0.883000	65199.036351	-0.883000	-0.9
-0.882000	63561.579638	-0.882000	-0.9
-0.881000	61978.528157	-0.881000	-0.9
-0.880000	60447.639042	-0.880000	-0.9
-0.879000	58966.779527	-0.879000	-0.9
-0.878000	57533.920687	-0.878000	-0.9
-0.877000	56147.131592	-0.877000	-0.9
-0.876000	54804.573821	-0.876000	-0.9
-0.875000	53504.496336	-0.875000	-0.9
-0.874000	52245.230667	-0.874000	-0.9
-0.873000	51025.186411	-0.873000	-0.9
-0.872000	49842.846995	-0.872000	-0.9
-0.871000	48696.765711	-0.871000	-0.9
-0.870000	47585.561990	-0.870000	-0.9
-0.869000	46507.917895	-0.869000	-0.9
-0.868000	45462.574833	-0.868000	-0.9
-0.867000	44448.330460	-0.867000	-0.9
-0.866000	43464.035768	-0.866000	-0.9
-0.865000	42508.592344	-0.865000	-0.9
-0.864000	41580.949789	-0.864000	-0.9
-0.863000	40680.103287	-0.863000	-0.9
-0.862000	39805.091313	-0.862000	-0.9
-0.861000	38954.993470	-0.861000	-0.9
-0.860000	38128.928453	-0.860000	-0.9
-0.859000	37326.052122	-0.859000	-0.9
-0.858000	36545.555691	-0.858000	-0.9
-0.857000	35786.664004	-0.857000	-0.9
-0.856000	35048.633921	-0.856000	-0.9
-0.855000	34330.752784	-0.855000	-0.9
-0.854000	33632.336964	-0.854000	-0.9
-0.853000	32952.730496	-0.853000	-0.9
-0.852000	32291.303775	-0.852000	-0.9
-0.851000	31647.452333	-0.851000	-0.9
-0.850000	31020.595675	-0.850000	-0.9
-0.849000	30410.176172	-0.849000	-0.9
-0.848000	29815.658024	-0.848000	-0.9
-0.847000	29236.526263	-0.847000	-0.9
-0.846000	28672.285816	-0.846000	-0.9
-0.845000	28122.460614	-0.845000	-0.9
-0.844000	27586.592747	-0.844000	-0.9
-0.843000	27064.241659	-0.843000	-0.9
-0.842000	26554.983385	-0.842000	-0.9
-0.841000	26058.409827	-0.841000	-0.9
-0.840000	25574.128068	-0.840000	-0.9
-0.839000	25101.759712	-0.839000	-0.9
-0.838000	24640.940264	-0.838000	-0.9
-0.837000	24191.318538	-0.837000	-0.9
-0.836000	23752.556094	-0.836000	-0.9
-0.835000	23324.326699	-0.835000	-0.9
-0.834000	22906.315817	-0.834000	-0.9
-0.833000	22498.220124	-0.833000	-0.9
-0.832000	22099.747042	-0.832000	-0.9
-0.831000	21710.614299	-0.831000	-0.9
-0.830000	21330.549508	-0.830000	-0.9
-0.829000	20959.289763	-0.829000	-0.9
-0.828000	20596.581260	-0.828000	-0.9
-0.827000	20242.178925	-0.827000	-0.9
-0.826000	19895.846074	-0.826000	-0.9
-0.825000	19557.354072	-0.825000	-0.9
-0.824000	19226.482020	-0.824000	-0.9
-0.823000	18903.016450	-0.823000	-0.9
-0.822000	18586.751033	-0.822000	-0.9
-0.821000	18277.486305	-0.821000	-0.9
-0.820000	17975.029399	-0.820000	-0.9
-0.819000	17679.193796	-0.819000	-0.9
-0.818000	17389.799076	-0.818000	-0.9
-0.817000	17106.670693	-0.817000	-0.9
-0.816000	16829.639748	-0.816000	-0.9
-0.815000	16558.542780	-0.815000	-0.9
-0.814000	16293.221562	-0.814000	-0.9
-0.813000	16033.522907	-0.813000	-0.9
-0.812000	15779.298479	-0.812000	-0.9
-0.811000	15530.404617	-0.811000	-0.9
-0.810000	15286.702165	-0.810000	-0.9
-0.809000	15048.056304	-0.809000	-0.9
-0.808000	14814.336400	-0.808000	-0.9
-0.807000	14585.415848	-0.807000	-0.9
-0.806000	14361.171932	-0.806000	-0.9
-0.805000	14141.485686	-0.805000	-0.9
-0.804000	13926.241755	-0.804000	-0.9
-0.803000	13715.328277	-0.803000	-0.9
-0.802000	13508.636754	-0.802000	-0.9
-0.801000	13306.061934	-0.801000	-0.9
-0.800000	13107.501702	-0.800000	-0.9
-0.799000	12912.856971	-0.799000	-0.9
-0.798000	12722.031573	-0.798000	-0.9
-0.797000	12534.932164	-0.797000	-0.9
-0.796000	12351.468127	-0.796000	-0.9
-0.795000	12171.551478	-0.795000	-0.9
-0.794000	11995.096777	-0.794000	-0.9
-0.793000	11822.021043	-0.793000	-0.9
-0.792000	11652.243674	-0.792000	-0.9
-0.791000	11485.686365	-0.791000	-0.9
-0.790000	11322.273032	-0.790000	-0.9
-0.789000	11161.929740	-0.789000	-0.9
-0.788000	11004.584632	-0.788000	-0.9
-0.787000	10850.167863	-0.787000	-0.9
-0.786000	10698.611530	-0.786000	-0.9
-0.785000	10549.849613	-0.785000	-0.9
-0.784000	10403.817916	-0.784000	-0.9
-0.783000	10260.454002	-0.783000	-0.9
-0.782000	10119.697143	-0.782000	-0.9
-0.781000	9981.488264	-0.781000	-0.9
-0.780000	9845.769888	-0.780000	-0.9
-0.779000	9712.486091	-0.779000	-0.9
-0.778000	9581.582448	-0.778000	-0.9
-0.777000	9453.005989	-0.777000	-0.9
-0.776000	9326.705153	-0.776000	-0.9
-0.775000	9202.629747	-0.775000	-0.9
-0.774000	9080.730900	-0.774000	-0.9
-0.773000	8960.961023	-0.773000	-0.9
-0.772000	8843.273774	-0.772000	-0.9
-0.771000	8727.624014	-0.771000	-0.9
-0.770000	8613.967776	-0.770000	-0.9
-0.769000	8502.262228	-0.769000	-0.9
-0.768000	8392.465635	-0.768000	-0.9
-0.767000	8284.537334	-0.767000	-0.9
-0.766000	8178.437695	-0.766000	-0.9
-0.765000	8074.128095	-0.765000	-0.9
-0.764000	7971.570884	-0.764000	-0.9
-0.763000	7870.729362	-0.763000	-0.9
-0.762000	7771.567745	-0.762000	-0.9
-0.761000	7674.051146	-0.761000	-0.9
-0.760000	7578.145540	-0.760000	-0.9
-0.759000	7483.817746	-0.759000	-0.9
-0.758000	7391.035400	-0.758000	-0.9
-0.757000	7299.766932	-0.757000	-0.9
-0.756000	7209.981544	-0.756000	-0.9
-0.755000	7121.649185	-0.755000	-0.9
-0.754000	7034.740535	-0.754000	-0.9
-0.753000	6949.226981	-0.753000	-0.9
-0.752000	6865.080597	-0.752000	-0.9
-0.751000	6782.274126	-0.751000	-0.9
-0.750000	6700.780962	-0.750000	-0.9
-0.749000	6620.575129	-0.749000	-0.9
-0.748000	6541.631267	-0.748000	-0.9
-0.747000	6463.924615	-0.747000	-0.9
-0.746000	6387.430990	-0.746000	-0.9
-0.745000	6312.126776	-0.745000	-0.9
-0.744000	6237.988908	-0.744000	-0.9
-0.743000	6164.994854	-0.743000	-0.9
-0.742000	6093.122606	-0.742000	-0.9
-0.741000	6022.350659	-0.741000	-0.9
-0.740000	5952.658003	-0.740000	-0.9
-0.739000	5884.024108	-0.739000	-0.9
-0.738000	5816.428911	-0.738000	-0.9
-0.737000	5749.852804	-0.737000	-0.9
-0.736000	5684.276621	-0.736000	-0.9
-0.735000	5619.681630	-0.735000	-0.9
-0.734000	5556.049515	-0.734000	-0.9
-0.733000	5493.362372	-0.733000	-0.9
-0.732000	5431.602694	-0.732000	-0.9
-0.731000	5370.753362	-0.731000	-0.9
-0.730000	5310.797637	-0.730000	-0.9
-0.729000	5251.719147	-0.729000	-0.9
-0.728000	5193.501877	-0.728000	-0.9
-0.727000	5136.130166	-0.727000	-0.9
-0.726000	5079.588690	-0.726000	-0.9
-0.725000	5023.862459	-0.725000	-0.9
-0.724000	4968.936808	-0.724000	-0.9
-0.723000	4914.797385	-0.723000	-0.9
-0.722000	4861.430148	-0.722000	-0.9
-0.721000	4808.821355	-0.721000	-0.9
-0.720000	4756.957556	-0.720000	-0.9
-0.719000	4705.825587	-0.719000	-0.9
-0.718000	4655.412561	-0.718000	-0.9
-0.717000	4605.705864	-0.717000	-0.9
-0.716000	4556.693148	-0.716000	-0.9
-0.715000	4508.362320	-0.715000	-0.9
-0.714000	4460.701542	-0.714000	-0.9
-0.713000	4413.699222	-0.713000	-0.9
-0.712000	4367.344006	-0.712000	-0.9
-0.711000	4321.624776	-0.711000	-0.9
-0.710000	4276.530642	-0.710000	-0.9
-0.709000	4232.050938	-0.709000	-0.9
-0.708000	4188.175215	-0.708000	-0.9
-0.707000	4144.893236	-0.707000	-0.9
-0.706000	4102.194974	-0.706000	-0.9
-0.705000	4060.070602	-0.705000	-0.9
-0.704000	4018.510494	-0.704000	-0.9
-0.703000	3977.505215	-0.703000	-0.9
-0.702000	3937.045519	-0.702000	-0.9
-0.701000	3897.122345	-0.701000	-0.9
-0.700000	3857.726813	-0.700000	-0.9
-0.699000	3818.850218	-0.699000	-0.9
-0.698000	3780.484026	-0.698000	-0.9
-0.697000	3742.619873	-0.697000	-0.9
-0.696000	3705.249558	-0.696000	-0.9
-0.695000	3668.365041	-0.695000	-0.9
-0.694000	3631.958437	-0.694000	-0.9
-0.693000	3596.022017	-0.693000	-0.9
-0.692000	3560.548198	-0.692000	-0.9
-0.691000	3525.529548	-0.691000	-0.9
-0.690000	3490.958774	-0.690000	-0.9
-0.689000	3456.828725	-0.689000	-0.9
-0.688000	3423.132386	-0.688000	-0.9
-0.687000	3389.862875	-0.687000	-0.9
-0.686000	3357.013443	-0.686000	-0.9
-0.685000	3324.577467	-0.685000	-0.9
-0.684000	3292.548449	-0.684000	-0.9
-0.683000	3260.920014	-0.683000	-0.9
-0.682000	3229.685907	-0.682000	-0.9
-0.681000	3198.839987	-0.681000	-0.9
-0.680000	3168.376232	-0.680000	-0.9
-0.679000	3138.288728	-0.679000	-0.9
-0.678000	3108.571674	-0.678000	-0.9
-0.677000	3079.219373	-0.677000	-0.9
-0.676000	3050.226234	-0.676000	-0.9
-0.675000	3021.586770	-0.675000	-0.9
-0.674000	2993.295592	-0.674000	-0.9
-0.673000	2965.347412	-0.673000	-0.9
-0.672000	2937.737035	-0.672000	-0.9
-0.671000	2910.459364	-0.671000	-0.9
-0.670000	2883.509390	-0.670000	-0.9
-0.669000	2856.882198	-0.669000	-0.9
-0.668000	2830.572959	-0.668000	-0.9
-0.667000	2804.576932	-0.667000	-0.9
-0.666000	2778.889458	-0.666000	-0.9
-0.665000	2753.505965	-0.665000	-0.9
-0.664000	2728.421959	-0.664000	-0.9
-0.663000	2703.633026	-0.663000	-0.9
-0.662000	2679.134831	-0.662000	-0.9
-0.661000	2654.923116	-0.661000	-0.9
-0.660000	2630.993694	-0.660000	-0.9
-0.659000	2607.342456	-0.659000	-0.9
-0.658000	2583.965362	-0.658000	-0.9
-0.657000	2560.858442	-0.657000	-0.9
-0.656000	2538.017796	-0.656000	-0.9
-0.655000	2515.439590	-0.655000	-0.9
-0.654000	2493.120059	-0.654000	-0.9
-0.653000	2471.055499	-0.653000	-0.9
-0.652000	2449.242273	-0.652000	-0.9
-0.651000	2427.676803	-0.651000	-0.9
-0.650000	2406.355574	-0.650000	-0.9
-0.649000	2385.275131	-0.649000	-0.9
-0.648000	2364.432076	-0.648000	-0.9
-0.647000	2343.823069	-0.647000	-0.9
-0.646000	2323.444827	-0.646000	-0.9
-0.645000	2303.294122	-0.645000	-0.9
-0.644000	2283.367780	-0.644000	-0.9
-0.643000	2263.662678	-0.643000	-0.9
-0.642000	2244.175749	-0.642000	-0.9
-0.641000	2224.903974	-0.641000	-0.9
-0.640000	2205.844385	-0.640000	-0.9
-0.639000	2186.994063	-0.639000	-0.9
-0.638000	2168.350137	-0.638000	-0.9
-0.637000	2149.909783	-0.637000	-0.9
-0.636000	2131.670224	-0.636000	-0.9
-0.635000	2113.628728	-0.635000	-0.9
-0.634000	2095.782607	-0.634000	-0.9
-0.633000	2078.129217	-0.633000	-0.9
-0.632000	2060.665957	-0.632000	-0.9
-0.631000	2043.390269	-0.631000	-0.9
-0.630000	2026.299635	-0.630000	-0.9
-0.629000	2009.391578	-0.629000	-0.9
-0.628000	1992.663660	-0.628000	-0.9
-0.627000	1976.113482	-0.627000	-0.9
-0.626000	1959.738685	-0.626000	-0.9
-0.625000	1943.536946	-0.625000	-0.9
-0.624000	1927.505980	-0.624000	-0.9
-0.623000	1911.643536	-0.623000	-0.9
-0.622000	1895.947400	-0.622000	-0.9
-0.621000	1880.415394	-0.621000	-0.9
-0.620000	1865.045372	-0.620000	-0.9
-0.619000	1849.835223	-0.619000	-0.9
-0.618000	1834.782868	-0.618000	-0.9
-0.617000	1819.886262	-0.617000	-0.9
-0.616000	1805.143390	-0.616000	-0.9
-0.615000	1790.552269	-0.615000	-0.9
-0.614000	1776.110946	-0.614000	-0.9
-0.613000	1761.817500	-0.613000	-0.9
-0.612000	1747.670038	-0.612000	-0.9
-0.611000	1733.666695	-0.611000	-0.9
-0.610000	1719.805637	-0.610000	-0.9
-0.609000	1706.085057	-0.609000	-0.9
-0.608000	1692.503175	-0.608000	-0.9
-0.607000	1679.058238	-0.607000	-0.9
-0.606000	1665.748519	-0.606000	-0.9
-0.605000	1652.572320	-0.605000	-0.9
-0.604000	1639.527966	-0.604000	-0.9
-0.603000	1626.613807	-0.603000	-0.9
-0.602000	1613.828219	-0.602000	-0.9
-0.601000	1601.169601	-0.601000	-0.9
-0.600000	1588.636378	-0.600000	-0.9
-0.599000	1576.226996	-0.599000	-0.9
-0.598000	1563.939925	-0.598000	-0.9
-0.597000	1551.773659	-0.597000	-0.9
-0.596000	1539.726712	-0.596000	-0.9
-0.595000	1527.797621	-0.595000	-0.9
-0.594000	1515.984945	-0.594000	-0.9
-0.593000	1504.287263	-0.593000	-0.9
-0.592000	1492.703176	-0.592000	-0.9
-0.591000	1481.231303	-0.591000	-0.9
-0.590000	1469.870287	-0.590000	-0.9
-0.589000	1458.618788	-0.589000	-0.9
-0.588000	1447.475486	-0.588000	-0.9
-0.587000	1436.439079	-0.587000	-0.9
-0.586000	1425.508285	-0.586000	-0.9
-0.585000	1414.681841	-0.585000	-0.9
-0.584000	1403.958502	-0.584000	-0.9
-0.583000	1393.337038	-0.583000	-0.9
-0.582000	1382.816240	-0.582000	-0.9
-0.581000	1372.394915	-0.581000	-0.9
-0.580000	1362.071887	-0.580000	-0.9
-0.579000	1351.845996	-0.579000	-0.9
-0.578000	1341.716100	-0.578000	-0.9
-0.577000	1331.681070	-0.577000	-0.9
-0.576000	1321.739797	-0.576000	-0.9
-0.575000	1311.891185	-0.575000	-0.9
-0.574000	1302.134153	-0.574000	-0.9
-0.573000	1292.467636	-0.573000	-0.9
-0.572000	1282.890585	-0.572000	-0.9
-0.571000	1273.401964	-0.571000	-0.9
-0.570000	1264.000752	-0.570000	-0.9
-0.569000	1254.685941	-0.569000	-0.9
-0.568000	1245.456538	-0.568000	-0.9
-0.567000	1236.311564	-0.567000	-0.9
-0.566000	1227.250054	-0.566000	-0.9
-0.565000	1218.271053	-0.565000	-0.9
-0.564000	1209.373623	-0.564000	-0.9
-0.563000	1200.556836	-0.563000	-0.9
-0.562000	1191.819778	-0.562000	-0.9
-0.561000	1183.161548	-0.561000	-0.9
-0.560000	1174.581256	-0.560000	-0.9
-0.559000	1166.078024	-0.559000	-0.9
-0.558000	1157.650987	-0.558000	-0.9
-0.557000	1149.299290	-0.557000	-0.9
-0.556000	1141.022091	-0.556000	-0.9
-0.555000	1132.818558	-0.555000	-0.9
-0.554000	1124.687872	-0.554000	-0.9
-0.553000	1116.629224	-0.553000	-0.9
-0.552000	1108.641814	-0.552000	-0.9
-0.551000	1100.724855	-0.551000	-0.9
-0.550000	1092.877570	-0.550000	-0.9
-0.549000	1085.099191	-0.549000	-0.9
-0.548000	1077.388962	-0.548000	-0.9
-0.547000	1069.746136	-0.547000	-0.9
-0.546000	1062.169975	-0.546000	-0.9
-0.545000	1054.659752	-0.545000	-0.9
-0.544000	1047.214748	-0.544000	-0.9
-0.543000	1039.834256	-0.543000	-0.9
-0.542000	1032.517576	-0.542000	-0.9
-0.541000	1025.264018	-0.541000	-0.9
-0.540000	1018.072900	-0.540000	-0.9
-0.539000	1010.943549	-0.539000	-0.9
-0.538000	1003.875303	-0.538000	-0.9
-0.537000	996.867505	-0.537000	-0.9
-0.536000	989.919509	-0.536000	-0.9
-0.535000	983.030676	-0.535000	-0.9
-0.534000	976.200376	-0.534000	-0.9
-0.533000	969.427987	-0.533000	-0.9
-0.532000	962.712894	-0.532000	-0.9
-0.531000	956.054490	-0.531000	-0.9
-0.530000	949.452178	-0.530000	-0.9
-0.529000	942.905364	-0.529000	-0.9
-0.528000	936.413467	-0.528000	-0.9
-0.527000	929.975908	-0.527000	-0.9
-0.526000	923.592120	-0.526000	-0.9
-0.525000	917.261540	-0.525000	-0.9
-0.524000	910.983612	-0.524000	-0.9
-0.523000	904.757790	-0.523000	-0.9
-0.522000	898.583531	-0.522000	-0.9
-0.521000	892.460302	-0.521000	-0.9
-0.520000	886.387574	-0.520000	-0.9
-0.519000	880.364827	-0.519000	-0.9
-0.518000	874.391545	-0.518000	-0.9
-0.517000	868.467219	-0.517000	-0.9
-0.516000	862.591349	-0.516000	-0.9
-0.515000	856.763437	-0.515000	-0.9
-0.514000	850.982994	-0.514000	-0.9
-0.513000	845.249536	-0.513000	-0.9
-0.512000	839.562585	-0.512000	-0.9
-0.511000	833.921669	-0.511000	-0.9
-0.510000	828.326321	-0.510000	-0.9
-0.509000	822.776080	-0.509000	-0.9
-0.508000	817.270492	-0.508000	-0.9
-0.507000	811.809107	-0.507000	-0.9
-0.506000	806.391480	-0.506000	-0.9
-0.505000	801.017173	-0.505000	-0.9
-0.504000	795.685752	-0.504000	-0.9
-0.503000	790.396788	-0.503000	-0.9
-0.502000	785.149859	-0.502000	-0.9
-0.501000	779.944546	-0.501000	-0.9
-0.500000	774.780436	-0.500000	-0.9
-0.499000	769.657121	-0.499000	-0.9
-0.498000	764.574198	-0.498000	-0.9
-0.497000	759.531267	-0.497000	-0.9
-0.496000	754.527934	-0.496000	-0.9
-0.495000	749.563812	-0.495000	-0.9
-0.494000	744.638514	-0.494000	-0.9
-0.493000	739.751660	-0.493000	-0.9
-0.492000	734.902876	-0.492000	-0.9
-0.491000	730.091789	-0.491000	-0.9
-0.490000	725.318034	-0.490000	-0.9
-0.489000	720.581246	-0.489000	-0.9
-0.488000	715.881068	-0.488000	-0.9
-0.487000	711.217145	-0.487000	-0.9
-0.486000	706.589128	-0.486000	-0.9
-0.485000	701.996670	-0.485000	-0.9
-0.484000	697.439429	-0.484000	-0.9
-0.483000	692.917067	-0.483000	-0.9
-0.482000	688.429249	-0.482000	-0.9
-0.481000	683.975646	-0.481000	-0.9
-0.480000	679.555931	-0.480000	-0.9
-0.479000	675.169781	-0.479000	-0.9
-0.478000	670.816876	-0.478000	-0.9
-0.477000	666.496901	-0.477000	-0.9
-0.476000	662.209545	-0.476000	-0.9
-0.475000	657.954498	-0.475000	-0.9
-0.474000	653.731457	-0.474000	-0.9
-0.473000	649.540118	-0.473000	-0.9
-0.472000	645.380185	-0.472000	-0.9
-0.471000	641.251363	-0.471000	-0.9
-0.470000	637.153360	-0.470000	-0.9
-0.469000	633.085889	-0.469000	-0.9
-0.468000	629.048664	-0.468000	-0.9
-0.467000	625.041403	-0.467000	-0.9
-0.466000	621.063829	-0.466000	-0.9
-0.465000	617.115665	-0.465000	-0.9
-0.464000	613.196640	-0.464000	-0.9
-0.463000	609.306485	-0.463000	-0.9
-0.462000	605.444931	-0.462000	-0.9
-0.461000	601.611718	-0.461000	-0.9
-0.460000	597.806583	-0.460000	-0.9
-0.459000	594.029269	-0.459000	-0.9
-0.458000	590.279522	-0.458000	-0.9
-0.457000	586.557090	-0.457000	-0.9
-0.456000	582.861723	-0.456000	-0.9
-0.455000	579.193174	-0.455000	-0.9
-0.454000	575.551201	-0.454000	-0.9
-0.453000	571.935562	-0.453000	-0.9
-0.452000	568.346018	-0.452000	-0.9
-0.451000	564.782334	-0.451000	-0.9
-0.450000	561.244276	-0.450000	-0.9
-0.449000	557.731613	-0.449000	-0.9
-0.448000	554.244117	-0.448000	-0.9
-0.447000	550.781562	-0.447000	-0.9
-0.446000	547.343726	-0.446000	-0.9
-0.445000	543.930385	-0.445000	-0.9
-0.444000	540.541323	-0.444000	-0.9
-0.443000	537.176323	-0.443000	-0.9
-0.442000	533.835170	-0.442000	-0.9
-0.441000	530.517653	-0.441000	-0.9
-0.440000	527.223563	-0.440000	-0.9
-0.439000	523.952692	-0.439000	-0.9
-0.438000	520.704835	-0.438000	-0.9
-0.437000	517.479790	-0.437000	-0.9
-0.436000	514.277355	-0.436000	-0.9
-0.435000	511.097332	-0.435000	-0.9
-0.434000	507.939525	-0.434000	-0.9
-0.433000	504.803739	-0.433000	-0.9
-0.432000	501.689782	-0.432000	-0.9
-0.431000	498.597463	-0.431000	-0.9
-0.430000	495.526594	-0.430000	-0.9
-0.429000	492.476988	-0.429000	-0.9
-0.428000	489.448462	-0.428000	-0.9
-0.427000	486.440832	-0.427000	-0.9
-0.426000	483.453918	-0.426000	-0.9
-0.425000	480.487540	-0.425000	-0.9
-0.424000	477.541523	-0.424000	-0.9
-0.423000	474.615691	-0.423000	-0.9
-0.422000	471.709871	-0.422000	-0.9
-0.421000	468.823891	-0.421000	-0.9
-0.420000	465.957582	-0.420000	-0.9
-0.419000	463.110775	-0.419000	-0.9
-0.418000	460.283304	-0.418000	-0.9
-0.417000	457.475004	-0.417000	-0.9
-0.416000	454.685714	-0.416000	-0.9
-0.415000	451.915271	-0.415000	-0.9
-0.414000	449.163516	-0.414000	-0.9
-0.413000	446.430290	-0.413000	-0.9
-0.412000	443.715439	-0.412000	-0.9
-0.411000	441.018806	-0.411000	-0.9
-0.410000	438.340239	-0.410000	-0.9
-0.409000	435.679585	-0.409000	-0.9
-0.408000	433.036695	-0.408000	-0.9
-0.407000	430.411421	-0.407000	-0.9
-0.406000	427.803614	-0.406000	-0.9
-0.405000	425.213130	-0.405000	-0.9
-0.404000	422.639823	-0.404000	-0.9
-0.403000	420.083552	-0.403000	-0.9
-0.402000	417.544175	-0.402000	-0.9
-0.401000	415.021552	-0.401000	-0.9
-0.400000	412.515545	-0.400000	-0.9
-0.399000	410.026015	-0.399000	-0.9
-0.398000	407.552829	-0.398000	-0.9
-0.397000	405.095850	-0.397000	-0.9
-0.396000	402.654946	-0.396000	-0.9
-0.395000	400.229986	-0.395000	-0.9
-0.394000	397.820838	-0.394000	-0.9
-0.393000	395.427373	-0.393000	-0.9
-0.392000	393.049463	-0.392000	-0.9
-0.391000	390.686983	-0.391000	-0.9
-0.390000	388.339805	-0.390000	-0.9
-0.389000	386.007806	-0.389000	-0.9
-0.388000	383.690863	-0.388000	-0.9
-0.387000	381.388854	-0.387000	-0.9
-0.386000	379.101658	-0.386000	-0.9
-0.385000	376.829156	-0.385000	-0.9
-0.384000	374.571230	-0.384000	-0.9
-0.383000	372.327762	-0.383000	-0.9
-0.382000	370.098636	-0.382000	-0.9
-0.381000	367.883737	-0.381000	-0.9
-0.380000	365.682951	-0.380000	-0.9
-0.379000	363.496167	-0.379000	-0.9
-0.378000	361.323271	-0.378000	-0.9
-0.377000	359.164154	-0.377000	-0.9
-0.376000	357.018706	-0.376000	-0.9
-0.375000	354.886818	-0.375000	-0.9
-0.374000	352.768383	-0.374000	-0.9
-0.373000	350.663294	-0.373000	-0.9
-0.372000	348.571447	-0.372000	-0.9
-0.371000	346.492736	-0.371000	-0.9
-0.370000	344.427059	-0.370000	-0.9
-0.369000	342.374312	-0.369000	-0.9
-0.368000	340.334394	-0.368000	-0.9
-0.367000	338.307205	-0.367000	-0.9
-0.366000	336.292646	-0.366000	-0.9
-0.365000	334.290616	-0.365000	-0.9
-0.364000	332.301020	-0.364000	-0.9
-0.363000	330.323759	-0.363000	-0.9
-0.362000	328.358739	-0.362000	-0.9
-0.361000	326.405863	-0.361000	-0.9
-0.360000	324.465039	-0.360000	-0.9
-0.359000	322.536172	-0.359000	-0.9
-0.358000	320.619170	-0.358000	-0.9
-0.357000	318.713942	-0.357000	-0.9
-0.356000	316.820397	-0.356000	-0.9
-0.355000	314.938445	-0.355000	-0.9
-0.354000	313.067997	-0.354000	-0.9
-0.353000	311.208966	-0.353000	-0.9
-0.352000	309.361263	-0.352000	-0.9
-0.351000	307.524802	-0.351000	-0.9
-0.350000	305.699497	-0.350000	-0.9
-0.349000	303.885264	-0.349000	-0.9
-0.348000	302.082017	-0.348000	-0.9
-0.347000	300.289674	-0.347000	-0.9
-0.346000	298.508152	-0.346000	-0.9
-0.345000	296.737369	-0.345000	-0.9
-0.344000	294.977244	-0.344000	-0.9
-0.343000	293.227696	-0.343000	-0.9
-0.342000	291.488646	-0.342000	-0.9
-0.341000	289.760014	-0.341000	-0.9
-0.340000	288.041722	-0.340000	-0.9
-0.339000	286.333694	-0.339000	-0.9
-0.338000	284.635851	-0.338000	-0.9
-0.337000	282.948117	-0.337000	-0.9
-0.336000	281.270418	-0.336000	-0.9
-0.335000	279.602678	-0.335000	-0.9
-0.334000	277.944823	-0.334000	-0.9
-0.333000	276.296780	-0.333000	-0.9
-0.332000	274.658476	-0.332000	-0.9
-0.331000	273.029838	-0.331000	-0.9
-0.330000	271.410796	-0.330000	-0.9
-0.329000	269.801277	-0.329000	-0.9
-0.328000	268.201213	-0.328000	-0.9
-0.327000	266.610532	-0.327000	-0.9
-0.326000	265.029167	-0.326000	-0.9
-0.325000	263.457048	-0.325000	-0.9
-0.324000	261.894109	-0.324000	-0.9
-0.323000	260.340281	-0.323000	-0.9
-0.322000	258.795498	-0.322000	-0.9
-0.321000	257.259694	-0.321000	-0.9
-0.320000	255.732803	-0.320000	-0.9
-0.319000	254.214761	-0.319000	-0.9
-0.318000	252.705503	-0.318000	-0.9
-0.317000	251.204966	-0.317000	-0.9
-0.316000	249.713086	-0.316000	-0.9
-0.315000	248.229801	-0.315000	-0.9
-0.314000	246.755048	-0.314000	-0.9
-0.313000	245.288766	-0.313000	-0.9
-0.312000	243.830893	-0.312000	-0.9
-0.311000	242.381370	-0.311000	-0.9
-0.310000	240.940137	-0.310000	-0.9
-0.309000	239.507133	-0.309000	-0.9
-0.308000	238.082300	-0.308000	-0.9
-0.307000	236.665579	-0.307000	-0.9
-0.306000	235.256913	-0.306000	-0.9
-0.305000	233.856244	-0.305000	-0.9
-0.304000	232.463515	-0.304000	-0.9
-0.303000	231.078669	-0.303000	-0.9
-0.302000	229.701651	-0.302000	-0.9
-0.301000	228.332405	-0.301000	-0.9
-0.300000	226.970876	-0.300000	-0.9
-0.299000	225.617010	-0.299000	-0.9
-0.298000	224.270751	-0.298000	-0.9
-0.297000	222.932047	-0.297000	-0.9
-0.296000	221.600845	-0.296000	-0.9
-0.295000	220.277091	-0.295000	-0.9
-0.294000	218.960734	-0.294000	-0.9
-0.293000	217.651721	-0.293000	-0.9
-0.292000	216.350001	-0.292000	-0.9
-0.291000	215.055523	-0.291000	-0.9
-0.290000	213.768237	-0.290000	-0.9
-0.289000	212.488092	-0.289000	-0.9
-0.288000	211.215038	-0.288000	-0.9
-0.287000	209.949027	-0.287000	-0.9
-0.286000	208.690010	-0.286000	-0.9
-0.285000	207.437937	-0.285000	-0.9
-0.284000	206.192761	-0.284000	-0.9
-0.283000	204.954435	-0.283000	-0.9
-0.282000	203.722910	-0.282000	-0.9
-0.281000	202.498140	-0.281000	-0.9
-0.280000	201.280079	-0.280000	-0.9
-0.279000	200.068680	-0.279000	-0.9
-0.278000	198.863897	-0.278000	-0.9
-0.277000	197.665686	-0.277000	-0.9
-0.276000	196.474001	-0.276000	-0.9
-0.275000	195.288798	-0.275000	-0.9
-0.274000	194.110032	-0.274000	-0.9
-0.273000	192.937660	-0.273000	-0.9
-0.272000	191.771638	-0.272000	-0.9
-0.271000	190.611922	-0.271000	-0.9
-0.270000	189.458470	-0.270000	-0.9
-0.269000	188.311240	-0.269000	-0.9
-0.268000	187.170189	-0.268000	-0.9
-0.267000	186.035276	-0.267000	-0.9
-0.266000	184.906459	-0.266000	-0.9
-0.265000	183.783696	-0.265000	-0.9
-0.264000	182.666949	-0.264000	-0.9
-0.263000	181.556174	-0.263000	-0.9
-0.262000	180.451334	-0.262000	-0.9
-0.261000	179.352387	-0.261000	-0.9
-0.260000	178.259295	-0.260000	-0.9
-0.259000	177.172018	-0.259000	-0.9
-0.258000	176.090517	-0.258000	-0.9
-0.257000	175.014755	-0.257000	-0.9
-0.256000	173.944692	-0.256000	-0.9
-0.255000	172.880290	-0.255000	-0.9
-0.254000	171.821513	-0.254000	-0.9
-0.253000	170.768322	-0.253000	-0.9
-0.252000	169.720682	-0.252000	-0.9
-0.251000	168.678554	-0.251000	-0.9
-0.250000	167.641903	-0.250000	-0.9
-0.249000	166.610692	-0.249000	-0.9
-0.248000	165.584886	-0.248000	-0.9
-0.247000	164.564450	-0.247000	-0.9
-0.246000	163.549347	-0.246000	-0.9
-0.245000	162.539542	-0.245000	-0.9
-0.244000	161.535002	-0.244000	-0.9
-0.243000	160.535691	-0.243000	-0.9
-0.242000	159.541576	-0.242000	-0.9
-0.241000	158.552622	-0.241000	-0.9
-0.240000	157.568796	-0.240000	-0.9
-0.239000	156.590064	-0.239000	-0.9
-0.238000	155.616394	-0.238000	-0.9
-0.237000	154.647752	-0.237000	-0.9
-0.236000	153.684105	-0.236000	-0.9
-0.235000	152.725423	-0.235000	-0.9
-0.234000	151.771671	-0.234000	-0.9
-0.233000	150.822819	-0.233000	-0.9
-0.232000	149.878835	-0.232000	-0.9
-0.231000	148.939687	-0.231000	-0.9
-0.230000	148.005345	-0.230000	-0.9
-0.229000	147.075777	-0.229000	-0.9
-0.228000	146.150953	-0.228000	-0.9
-0.227000	145.230843	-0.227000	-0.9
-0.226000	144.315416	-0.226000	-0.9
-0.225000	143.404642	-0.225000	-0.9
-0.224000	142.498491	-0.224000	-0.9
-0.223000	141.596935	-0.223000	-0.9
-0.222000	140.699944	-0.222000	-0.9
-0.221000	139.807488	-0.221000	-0.9
-0.220000	138.919540	-0.220000	-0.9
-0.219000	138.036069	-0.219000	-0.9
-0.218000	137.157049	-0.218000	-0.9
-0.217000	136.282451	-0.217000	-0.9
-0.216000	135.412247	-0.216000	-0.9
-0.215000	134.546409	-0.215000	-0.9
-0.214000	133.684910	-0.214000	-0.9
-0.213000	132.827722	-0.213000	-0.9
-0.212000	131.974818	-0.212000	-0.9
-0.211000	131.126172	-0.211000	-0.9
-0.210000	130.281756	-0.210000	-0.9
-0.209000	129.441545	-0.209000	-0.9
-0.208000	128.605511	-0.208000	-0.9
-0.207000	127.773630	-0.207000	-0.9
-0.206000	126.945874	-0.206000	-0.9
-0.205000	126.122218	-0.205000	-0.9
-0.204000	125.302637	-0.204000	-0.9
-0.203000	124.487105	-0.203000	-0.9
-0.202000	123.675597	-0.202000	-0.9
-0.201000	122.868089	-0.201000	-0.9
-0.200000	122.064555	-0.200000	-0.9
-0.199000	121.264971	-0.199000	-0.9
-0.198000	120.469313	-0.198000	-0.9
-0.197000	119.677556	-0.197000	-0.9
-0.196000	118.889676	-0.196000	-0.9
-0.195000	118.105649	-0.195000	-0.9
-0.194000	117.325452	-0.194000	-0.9
-0.193000	116.549061	-0.193000	-0.9
-0.192000	115.776454	-0.192000	-0.9
-0.191000	115.007605	-0.191000	-0.9
-0.190000	114.242494	-0.190000	-0.9
-0.189000	113.481096	-0.189000	-0.9
-0.188000	112.723390	-0.188000	-0.9
-0.187000	111.969353	-0.187000	-0.9
-0.186000	111.218961	-0.186000	-0.9
-0.185000	110.472194	-0.185000	-0.9
-0.184000	109.729030	-0.184000	-0.9
-0.183000	108.989446	-0.183000	-0.9
-0.182000	108.253420	-0.182000	-0.9
-0.181000	107.520932	-0.181000	-0.9
-0.180000	106.791959	-0.180000	-0.9
-0.179000	106.066482	-0.179000	-0.9
-0.178000	105.344477	-0.178000	-0.9
-0.177000	104.625926	-0.177000	-0.9
-0.176000	103.910806	-0.176000	-0.9
-0.175000	103.199098	-0.175000	-0.9
-0.174000	102.490781	-0.174000	-0.9
-0.173000	101.785834	-0.173000	-0.9
-0.172000	101.084237	-0.172000	-0.9
-0.171000	100.385971	-0.171000	-0.9
-0.170000	99.691016	-0.170000	-0.9
-0.169000	98.999351	-0.169000	-0.9
-0.168000	98.310958	-0.168000	-0.9
-0.167000	97.625816	-0.167000	-0.9
-0.166000	96.943907	-0.166000	-0.9
-0.165000	96.265211	-0.165000	-0.9
-0.164000	95.589709	-0.164000	-0.9
-0.163000	94.917383	-0.163000	-0.9
-0.162000	94.248213	-0.162000	-0.9
-0.161000	93.582181	-0.161000	-0.9
-0.160000	92.919268	-0.160000	-0.9
-0.159000	92.259457	-0.159000	-0.9
-0.158000	91.602729	-0.158000	-0.9
-0.157000	90.949065	-0.157000	-0.9
-0.156000	90.298448	-0.156000	-0.9
-0.155000	89.650860	-0.155000	-0.9
-0.154000	89.006283	-0.154000	-0.9
-0.153000	88.364699	-0.153000	-0.9
-0.152000	87.726092	-0.152000	-0.9
-0.151000	87.090444	-0.151000	-0.9
-0.150000	86.457737	-0.150000	-0.9
-0.149000	85.827954	-0.149000	-0.9
-0.148000	85.201079	-0.148000	-0.9
-0.147000	84.577094	-0.147000	-0.9
-0.146000	83.955983	-0.146000	-0.9
-0.145000	83.337729	-0.145000	-0.9
-0.144000	82.722316	-0.144000	-0.9
-0.143000	82.109727	-0.143000	-0.9
-0.142000	81.499945	-0.142000	-0.9
-0.141000	80.892956	-0.141000	-0.9
-0.140000	80.288742	-0.140000	-0.9
-0.139000	79.687288	-0.139000	-0.9
-0.138000	79.088577	-0.138000	-0.9
-0.137000	78.492595	-0.137000	-0.9
-0.136000	77.899325	-0.136000	-0.9
-0.135000	77.308752	-0.135000	-0.9
-0.134000	76.720860	-0.134000	-0.9
-0.133000	76.135635	-0.133000	-0.9
-0.132000	75.553061	-0.132000	-0.9
-0.131000	74.973122	-0.131000	-0.9
-0.130000	74.395805	-0.130000	-0.9
-0.129000	73.821093	-0.129000	-0.9
-0.128000	73.248973	-0.128000	-0.9
-0.127000	72.679429	-0.127000	-0.9
-0.126000	72.112447	-0.126000	-0.9
-0.125000	71.548012	-0.125000	-0.9
-0.124000	70.986111	-0.124000	-0.9
-0.123000	70.426728	-0.123000	-0.9
-0.122000	69.869850	-0.122000	-0.9
-0.121000	69.315462	-0.121000	-0.9
-0.120000	68.763550	-0.120000	-0.9
-0.119000	68.214101	-0.119000	-0.9
-0.118000	67.667101	-0.118000	-0.9
-0.117000	67.122535	-0.117000	-0.9
-0.116000	66.580391	-0.116000	-0.9
-0.115000	66.040655	-0.115000	-0.9
-0.114000	65.503313	-0.114000	-0.9
-0.113000	64.968352	-0.113000	-0.9
-0.112000	64.435758	-0.112000	-0.9
-0.111000	63.905519	-0.111000	-0.9
-0.110000	63.377622	-0.110000	-0.9
-0.109000	62.852053	-0.109000	-0.9
-0.108000	62.328799	-0.108000	-0.9
-0.107000	61.807848	-0.107000	-0.9
-0.106000	61.289187	-0.106000	-0.9
-0.105000	60.772803	-0.105000	-0.9
-0.104000	60.258684	-0.104000	-0.9
-0.103000	59.746817	-0.103000	-0.9
-0.102000	59.237190	-0.102000	-0.9
-0.101000	58.729790	-0.101000	-0.9
-0.100000	58.224606	-0.100000	-0.9
-0.099000	57.721624	-0.099000	-0.9
-0.098000	57.220833	-0.098000	-0.9
-0.097000	56.722221	-0.097000	-0.9
-0.096000	56.225777	-0.096000	-0.9
-0.095000	55.731487	-0.095000	-0.9
-0.094000	55.239340	-0.094000	-0.9
-0.093000	54.749326	-0.093000	-0.9
-0.092000	54.261431	-0.092000	-0.9
-0.091000	53.775645	-0.091000	-0.9
-0.090000	53.291956	-0.090000	-0.9
-0.089000	52.810353	-0.089000	-0.9
-0.088000	52.330823	-0.088000	-0.9
-0.087000	51.853357	-0.087000	-0.9
-0.086000	51.377943	-0.086000	-0.9
-0.085000	50.904570	-0.085000	-0.9
-0.084000	50.433227	-0.084000	-0.9
-0.083000	49.963902	-0.083000	-0.9
-0.082000	49.496585	-0.082000	-0.9
-0.081000	49.031266	-0.081000	-0.9
-0.080000	48.567933	-0.080000	-0.9
-0.079000	48.106576	-0.079000	-0.9
-0.078000	47.647183	-0.078000	-0.9
-0.077000	47.189746	-0.077000	-0.9
-0.076000	46.734252	-0.076000	-0.9
-0.075000	46.280693	-0.075000	-0.9
-0.074000	45.829056	-0.074000	-0.9
-0.073000	45.379333	-0.073000	-0.9
-0.072000	44.931513	-0.072000	-0.9
-0.071000	44.485585	-0.071000	-0.9
-0.070000	44.041541	-0.070000	-0.9
-0.069000	43.599369	-0.069000	-0.9
-0.068000	43.159060	-0.068000	-0.9
-0.067000	42.720603	-0.067000	-0.9
-0.066000	42.283990	-0.066000	-0.9
-0.065000	41.849210	-0.065000	-0.9
-0.064000	41.416254	-0.064000	-0.9
-0.063000	40.985112	-0.063000	-0.9
-0.062000	40.555774	-0.062000	-0.9
-0.061000	40.128232	-0.061000	-0.9
-0.060000	39.702475	-0.060000	-0.9
-0.059000	39.278493	-0.059000	-0.9
-0.058000	38.856279	-0.058000	-0.9
-0.057000	38.435822	-0.057000	-0.9
-0.056000	38.017114	-0.056000	-0.9
-0.055000	37.600145	-0.055000	-0.9
-0.054000	37.184905	-0.054000	-0.9
-0.053000	36.771387	-0.053000	-0.9
-0.052000	36.359581	-0.052000	-0.9
-0.051000	35.949478	-0.051000	-0.9
-0.050000	35.541069	-0.050000	-0.9
-0.049000	35.134346	-0.049000	-0.9
-0.048000	34.729299	-0.048000	-0.9
-0.047000	34.325921	-0.047000	-0.9
-0.046000	33.924201	-0.046000	-0.9
-0.045000	33.524133	-0.045000	-0.9
-0.044000	33.125706	-0.044000	-0.9
-0.043000	32.728914	-0.043000	-0.9
-0.042000	32.333746	-0.042000	-0.9
-0.041000	31.940196	-0.041000	-0.9
-0.040000	31.548254	-0.040000	-0.9
-0.039000	31.157912	-0.039000	-0.9
-0.038000	30.769163	-0.038000	-0.9
-0.037000	30.381997	-0.037000	-0.9
-0.036000	29.996407	-0.036000	-0.9
-0.035000	29.612385	-0.035000	-0.9
-0.034000	29.229922	-0.034000	-0.9
-0.033000	28.849011	-0.033000	-0.9
-0.032000	28.469644	-0.032000	-0.9
-0.031000	28.091813	-0.031000	-0.9
-0.030000	27.715510	-0.030000	-0.9
-0.029000	27.340727	-0.029000	-0.9
-0.028000	26.967456	-0.028000	-0.9
-0.027000	26.595691	-0.027000	-0.9
-0.026000	26.225422	-0.026000	-0.9
-0.025000	25.856644	-0.025000	-0.9
-0.024000	25.489347	-0.024000	-0.9
-0.023000	25.123525	-0.023000	-0.9
-0.022000	24.759169	-0.022000	-0.9
-0.021000	24.396274	-0.021000	-0.9
-0.020000	24.034831	-0.020000	-0.9
-0.019000	23.674833	-0.019000	-0.9
-0.018000	23.316273	-0.018000	-0.9
-0.017000	22.959143	-0.017000	-0.9
-0.016000	22.603436	-0.016000	-0.9
-0.015000	22.249146	-0.015000	-0.9
-0.014000	21.896264	-0.014000	-0.9
-0.013000	21.544785	-0.013000	-0.9
-0.012000	21.194701	-0.012000	-0.9
-0.011000	20.846004	-0.011000	-0.9
-0.010000	20.498689	-0.010000	-0.9
-0.009000	20.152748	-0.009000	-0.9
-0.008000	19.808174	-0.008000	-0.9
-0.007000	19.464961	-0.007000	-0.9
-0.006000	19.123102	-0.006000	-0.9
-0.005000	18.782589	-0.005000	-0.9
-0.004000	18.443417	-0.004000	-0.9
-0.003000	18.105579	-0.003000	-0.9
-0.002000	17.769067	-0.002000	-0.9
-0.001000	17.433877	-0.001000	-0.9
0.000000	17.100000	-0.000000	-0.9
0.001000	16.767431	0.001000	-0.9
0.002000	16.436163	0.002000	-0.9
0.003000	16.106189	0.003000	-0.9
0.004000	15.777504	0.004000	-0.9
0.005000	15.450100	0.005000	-0.9
0.006000	15.123973	0.006000	-0.9
0.007000	14.799114	0.007000	-0.9
0.008000	14.475519	0.008000	-0.9
0.009000	14.153181	0.009000	-0.9
0.010000	13.832094	0.010000	-0.9
0.011000	13.512251	0.011000	-0.9
0.012000	13.193647	0.012000	-0.9
0.013000	12.876275	0.013000	-0.9
0.014000	12.560130	0.014000	-0.9
0.015000	12.245206	0.015000	-0.9
0.016000	11.931496	0.016000	-0.9
0.017000	11.618995	0.017000	-0.9
0.018000	11.307697	0.018000	-0.9
0.019000	10.997596	0.019000	-0.9
0.020000	10.688686	0.020000	-0.9
0.021000	10.380961	0.021000	-0.9
0.022000	10.074417	0.022000	-0.9
0.023000	9.769046	0.023000	-0.9
0.024000	9.464844	0.024000	-0.9
0.025000	9.161804	0.025000	-0.9
0.026000	8.859922	0.026000	-0.9
0.027000	8.559191	0.027000	-0.9
0.028000	8.259606	0.028000	-0.9
0.029000	7.961162	0.029000	-0.9
0.030000	7.663852	0.030000	-0.9
0.031000	7.367673	0.031000	-0.9
0.032000	7.072617	0.032000	-0.9
0.033000	6.778681	0.033000	-0.9
0.034000	6.485858	0.034000	-0.9
0.035000	6.194143	0.035000	-0.9
0.036000	5.903531	0.036000	-0.9
0.037000	5.614016	0.037000	-0.9
0.038000	5.325594	0.038000	-0.9
0.039000	5.038259	0.039000	-0.9
0.040000	4.752006	0.040000	-0.9
0.041000	4.466830	0.041000	-0.9
0.042000	4.182726	0.042000	-0.9
0.043000	3.899689	0.043000	-0.9
0.044000	3.617713	0.044000	-0.9
0.045000	3.336794	0.045000	-0.9
0.046000	3.056926	0.046000	-0.9
0.047000	2.778105	0.047000	-0.9
0.048000	2.500326	0.048000	-0.9
0.049000	2.223584	0.049000	-0.9
0.050000	1.947874	0.050000	-0.9
0.051000	1.673191	0.051000	-0.9
0.052000	1.399530	0.052000	-0.9
0.053000	1.126886	0.053000	-0.9
0.054000	0.855256	0.054000	-0.9
0.055000	0.584633	0.055000	-0.9
0.056000	0.315013	0.056000	-0.9
0.057000	0.046393	0.057000	-0.9
0.058000	-0.221234	0.058000	-0.9
0.059000	-0.487872	0.059000	-0.9
0.060000	-0.753525	0.060000	-0.9
0.061000	-1.018198	0.061000	-0.9
0.062000	-1.281895	0.062000	-0.9
0.063000	-1.544622	0.063000	-0.9
0.064000	-1.806382	0.064000	-0.9
0.065000	-2.067180	0.065000	-0.9
0.066000	-2.327020	0.066000	-0.9
0.067000	-2.585908	0.067000	-0.9
0.068000	-2.843846	0.068000	-0.9
0.069000	-3.100841	0.069000	-0.9
0.070000	-3.356895	0.070000	-0.9
0.071000	-3.612014	0.071000	-0.9
0.072000	-3.866201	0.072000	-0.9
0.073000	-4.119462	0.073000	-0.9
0.074000	-4.371800	0.074000	-0.9
0.075000	-4.623219	0.075000	-0.9
0.076000	-4.873724	0.076000	-0.9
0.077000	-5.123319	0.077000	-0.9
0.078000	-5.372008	0.078000	-0.9
0.079000	-5.619795	0.079000	-0.9
0.080000	-5.866684	0.080000	-0.9
0.081000	-6.112680	0.081000	-0.9
0.082000	-6.357787	0.082000	-0.9
0.083000	-6.602008	0.083000	-0.9
0.084000	-6.845347	0.084000	-0.9
0.085000	-7.087810	0.085000	-0.9
0.086000	-7.329399	0.086000	-0.9
0.087000	-7.570118	0.087000	-0.9
0.088000	-7.809972	0.088000	-0.9
0.089000	-8.048965	0.089000	-0.9
0.090000	-8.287099	0.090000	-0.9
0.091000	-8.524381	0.091000	-0.9
0.092000	-8.760812	0.092000	-0.9
0.093000	-8.996397	0.093000	-0.9
0.094000	-9.231140	0.094000	-0.9
0.095000	-9.465044	0.095000	-0.9
0.096000	-9.698114	0.096000	-0.9
0.097000	-9.930353	0.097000	-0.9
0.098000	-10.161765	0.098000	-0.9
0.099000	-10.392353	0.099000	-0.9
0.100000	-10.622122	0.100000	-0.9
0.101000	-10.851074	0.101000	-0.9
0.102000	-11.079214	0.102000	-0.9
0.103000	-11.306546	0.103000	-0.9
0.104000	-11.533072	0.104000	-0.9
0.105000	-11.758796	0.105000	-0.9
0.106000	-11.983723	0.106000	-0.9
0.107000	-12.207855	0.107000	-0.9
0.108000	-12.431196	0.108000	-0.9
0.109000	-12.653750	0.109000	-0.9
0.110000	-12.875520	0.110000	-0.9
0.111000	-13.096510	0.111000	-0.9
0.112000	-13.316723	0.112000	-0.9
0.113000	-13.536162	0.113000	-0.9
0.114000	-13.754831	0.114000	-0.9
0.115000	-13.972734	0.115000	-0.9
0.116000	-14.189873	0.116000	-0.9
0.117000	-14.406253	0.117000	-0.9
0.118000	-14.621876	0.118000	-0.9
0.119000	-14.836746	0.119000	-0.9
0.120000	-15.050866	0.120000	-0.9
0.121000	-15.264239	0.121000	-0.9
0.122000	-15.476870	0.122000	-0.9
0.123000	-15.688760	0.123000	-0.9
0.124000	-15.899913	0.124000	-0.9
0.125000	-16.110333	0.125000	-0.9
0.126000	-16.320023	0.126000	-0.9
0.127000	-16.528986	0.127000	-0.9
0.128000	-16.737224	0.128000	-0.9
0.129000	-16.944742	0.129000	-0.9
0.130000	-17.151543	0.130000	-0.9
0.131000	-17.357629	0.131000	-0.9
0.132000	-17.563003	0.132000	-0.9
0.133000	-17.767670	0.133000	-0.9
0.134000	-17.971631	0.134000	-0.9
0.135000	-18.174890	0.135000	-0.9
0.136000	-18.377450	0.136000	-0.9
0.137000	-18.579314	0.137000	-0.9
0.138000	-18.780485	0.138000	-0.9
0.139000	-18.980966	0.139000	-0.9
0.140000	-19.180760	0.140000	-0.9
0.141000	-19.379870	0.141000	-0.9
0.142000	-19.578298	0.142000	-0.9
0.143000	-19.776049	0.143000	-0.9
0.144000	-19.973125	0.144000	-0.9
0.145000	-20.169528	0.145000	-0.9
0.146000	-20.365262	0.146000	-0.9
0.147000	-20.560329	0.147000	-0.9
0.148000	-20.754733	0.148000	-0.9
0.149000	-20.948476	0.149000	-0.9
0.150000	-21.141560	0.150000	-0.9
0.151000	-21.333990	0.151000	-0.9
0.152000	-21.525768	0.152000	-0.9
0.153000	-21.716895	0.153000	-0.9
0.154000	-21.907376	0.154000	-0.9
0.155000	-22.097213	0.155000	-0.9
0.156000	-22.286409	0.156000	-0.9
0.157000	-22.474967	0.157000	-0.9
0.158000	-22.662888	0.158000	-0.9
0.159000	-22.850176	0.159000	-0.9
0.160000	-23.036834	0.160000	-0.9
0.161000	-23.222865	0.161000	-0.9
0.162000	-23.408270	0.162000	-0.9
0.163000	-23.593053	0.163000	-0.9
0.164000	-23.777216	0.164000	-0.9
0.165000	-23.960762	0.165000	-0.9
0.166000	-24.143693	0.166000	-0.9
0.167000	-24.326012	0.167000	-0.9
0.168000	-24.507722	0.168000	-0.9
0.169000	-24.688826	0.169000	-0.9
0.170000	-24.869325	0.170000	-0.9
0.171000	-25.049222	0.171000	-0.9
0.172000	-25.228521	0.172000	-0.9
0.173000	-25.407222	0.173000	-0.9
0.174000	-25.585330	0.174000	-0.9
0.175000	-25.762846	0.175000	-0.9
0.176000	-25.939773	0.176000	-0.9
0.177000	-26.116113	0.177000	-0.9
0.178000	-26.291869	0.178000	-0.9
0.179000	-26.467043	0.179000	-0.9
0.180000	-26.641638	0.180000	-0.9
0.181000	-26.815656	0.181000	-0.9
0.182000	-26.989099	0.182000	-0.9
0.183000	-27.161971	0.183000	-0.9
0.184000	-27.334272	0.184000	-0.9
0.185000	-27.506006	0.185000	-0.9
0.186000	-27.677176	0.186000	-0.9
0.187000	-27.847782	0.187000	-0.9
0.188000	-28.017829	0.188000	-0.9
0.189000	-28.187317	0.189000	-0.9
0.190000	-28.356250	0.190000	-0.9
0.191000	-28.524629	0.191000	-0.9
0.192000	-28.692458	0.192000	-0.9
0.193000	-28.859737	0.193000	-0.9
0.194000	-29.026470	0.194000	-0.9
0.195000	-29.192659	0.195000	-0.9
0.196000	-29.358305	0.196000	-0.9
0.197000	-29.523412	0.197000	-0.9
0.198000	-29.687982	0.198000	-0.9
0.199000	-29.852016	0.199000	-0.9
0.200000	-30.015516	0.200000	-0.9
0.201000	-30.178486	0.201000	-0.9
0.202000	-30.340927	0.202000	-0.9
0.203000	-30.502842	0.203000	-0.9
0.204000	-30.664232	0.204000	-0.9
0.205000	-30.825099	0.205000	-0.9
0.206000	-30.985447	0.206000	-0.9
0.207000	-31.145276	0.207000	-0.9
0.208000	-31.304589	0.208000	-0.9
0.209000	-31.463389	0.209000	-0.9
0.210000	-31.621677	0.210000	-0.9
0.211000	-31.779455	0.211000	-0.9
0.212000	-31.936726	0.212000	-0.9
0.213000	-32.093491	0.213000	-0.9
0.214000	-32.249752	0.214000	-0.9
0.215000	-32.405513	0.215000	-0.9
0.216000	-32.560774	0.216000	-0.9
0.217000	-32.715537	0.217000	-0.9
0.218000	-32.869805	0.218000	-0.9
0.219000	-33.023580	0.219000	-0.9
0.220000	-33.176863	0.220000	-0.9
0.221000	-33.329657	0.221000	-0.9
0.222000	-33.481964	0.222000	-0.9
0.223000	-33.633785	0.223000	-0.9
0.224000	-33.785123	0.224000	-0.9
0.225000	-33.935979	0.225000	-0.9
0.226000	-34.086356	0.226000	-0.9
0.227000	-34.236255	0.227000	-0.9
0.228000	-34.385678	0.228000	-0.9
0.229000	-34.534627	0.229000	-0.9
0.230000	-34.683104	0.230000	-0.9
0.231000	-34.831112	0.231000	-0.9
0.232000	-34.978651	0.232000	-0.9
0.233000	-35.125724	0.233000	-0.9
0.234000	-35.272332	0.234000	-0.9
0.235000	-35.418478	0.235000	-0.9
0.236000	-35.564163	0.236000	-0.9
0.237000	-35.709390	0.237000	-0.9
0.238000	-35.854159	0.238000	-0.9
0.239000	-35.998473	0.239000	-0.9
0.240000	-36.142333	0.240000	-0.9
0.241000	-36.285742	0.241000	-0.9
0.242000	-36.428701	0.242000	-0.9
0.243000	-36.571212	0.243000	-0.9
0.244000	-36.713277	0.244000	-0.9
0.245000	-36.854897	0.245000	-0.9
0.246000	-36.996074	0.246000	-0.9
0.247000	-37.136811	0.247000	-0.9
0.248000	-37.277108	0.248000	-0.9
0.249000	-37.416967	0.249000	-0.9
0.250000	-37.556391	0.250000	-0.9
0.251000	-37.695381	0.251000	-0.9
0.252000	-37.833938	0.252000	-0.9
0.253000	-37.972065	0.253000	-0.9
0.254000	-38.109762	0.254000	-0.9
0.255000	-38.247033	0.255000	-0.9
0.256000	-38.383877	0.256000	-0.9
0.257000	-38.520298	0.257000	-0.9
0.258000	-38.656297	0.258000	-0.9
0.259000	-38.791874	0.259000	-0.9
0.260000	-38.927033	0.260000	-0.9
0.261000	-39.061775	0.261000	-0.9
0.262000	-39.196100	0.262000	-0.9
0.263000	-39.330012	0.263000	-0.9
0.264000	-39.463511	0.264000	-0.9
0.265000	-39.596599	0.265000	-0.9
0.266000	-39.729278	0.266000	-0.9
0.267000	-39.861549	0.267000	-0.9
0.268000	-39.993414	0.268000	-0.9
0.269000	-40.124875	0.269000	-0.9
0.270000	-40.255933	0.270000	-0.9
0.271000	-40.386589	0.271000	-0.9
0.272000	-40.516845	0.272000	-0.9
0.273000	-40.646703	0.273000	-0.9
0.274000	-40.776165	0.274000	-0.9
0.275000	-40.905231	0.275000	-0.9
0.276000	-41.033903	0.276000	-0.9
0.277000	-41.162183	0.277000	-0.9
0.278000	-41.290073	0.278000	-0.9
0.279000	-41.417573	0.279000	-0.9
0.280000	-41.544686	0.280000	-0.9
0.281000	-41.671412	0.281000	-0.9
0.282000	-41.797754	0.282000	-0.9
0.283000	-41.923713	0.283000	-0.9
0.284000	-42.049290	0.284000	-0.9
0.285000	-42.174486	0.285000	-0.9
0.286000	-42.299304	0.286000	-0.9
0.287000	-42.423745	0.287000	-0.9
0.288000	-42.547809	0.288000	-0.9
0.289000	-42.671499	0.289000	-0.9
0.290000	-42.794816	0.290000	-0.9
0.291000	-42.917762	0.291000	-0.9
0.292000	-43.040337	0.292000	-0.9
0.293000	-43.162543	0.293000	-0.9
0.294000	-43.284382	0.294000	-0.9
0.295000	-43.405855	0.295000	-0.9
0.296000	-43.526963	0.296000	-0.9
0.297000	-43.647708	0.297000	-0.9
0.298000	-43.768091	0.298000	-0.9
0.299000	-43.888114	0.299000	-0.9
0.300000	-44.007778	0.300000	-0.9
0.301000	-44.127083	0.301000	-0.9
0.302000	-44.246033	0.302000	-0.9
0.303000	-44.364627	0.303000	-0.9
0.304000	-44.482868	0.304000	-0.9
0.305000	-44.600756	0.305000	-0.9
0.306000	-44.718294	0.306000	-0.9
0.307000	-44.835481	0.307000	-0.9
0.308000	-44.952320	0.308000	-0.9
0.309000	-45.068812	0.309000	-0.9
0.310000	-45.184959	0.310000	-0.9
0.311000	-45.300760	0.311000	-0.9
0.312000	-45.416219	0.312000	-0.9
0.313000	-45.531336	0.313000	-0.9
0.314000	-45.646112	0.314000	-0.9
0.315000	-45.760548	0.315000	-0.9
0.316000	-45.874647	0.316000	-0.9
0.317000	-45.988409	0.317000	-0.9
0.318000	-46.101835	0.318000	-0.9
0.319000	-46.214927	0.319000	-0.9
0.320000	-46.327686	0.320000	-0.9
0.321000	-46.440113	0.321000	-0.9
0.322000	-46.552209	0.322000	-0.9
0.323000	-46.663977	0.323000	-0.9
0.324000	-46.775416	0.324000	-0.9
0.325000	-46.886528	0.325000	-0.9
0.326000	-46.997314	0.326000	-0.9
0.327000	-47.107776	0.327000	-0.9
0.328000	-47.217915	0.328000	-0.9
0.329000	-47.327731	0.329000	-0.9
0.330000	-47.437227	0.330000	-0.9
0.331000	-47.546403	0.331000	-0.9
0.332000	-47.655260	0.332000	-0.9
0.333000	-47.763800	0.333000	-0.9
0.334000	-47.872024	0.334000	-0.9
0.335000	-47.979933	0.335000	-0.9
0.336000	-48.087528	0.336000	-0.9
0.337000	-48.194810	0.337000	-0.9
0.338000	-48.301781	0.338000	-0.9
0.339000	-48.408442	0.339000	-0.9
0.340000	-48.514793	0.340000	-0.9
0.341000	-48.620836	0.341000	-0.9
0.342000	-48.726572	0.342000	-0.9
0.343000	-48.832002	0.343000	-0.9
0.344000	-48.937128	0.344000	-0.9
0.345000	-49.041950	0.345000	-0.9
0.346000	-49.146469	0.346000	-0.9
0.347000	-49.250687	0.347000	-0.9
0.348000	-49.354605	0.348000	-0.9
0.349000	-49.458223	0.349000	-0.9
0.350000	-49.561543	0.350000	-0.9
0.351000	-49.664566	0.351000	-0.9
0.352000	-49.767294	0.352000	-0.9
0.353000	-49.869726	0.353000	-0.9
0.354000	-49.971865	0.354000	-0.9
0.355000	-50.073711	0.355000	-0.9
0.356000	-50.175265	0.356000	-0.9
0.357000	-50.276528	0.357000	-0.9
0.358000	-50.377502	0.358000	-0.9
0.359000	-50.478188	0.359000	-0.9
0.360000	-50.578586	0.360000	-0.9
0.361000	-50.678698	0.361000	-0.9
0.362000	-50.778524	0.362000	-0.9
0.363000	-50.878066	0.363000	-0.9
0.364000	-50.977324	0.364000	-0.9
0.365000	-51.076300	0.365000	-0.9
0.366000	-51.174995	0.366000	-0.9
0.367000	-51.273410	0.367000	-0.9
0.368000	-51.371545	0.368000	-0.9
0.369000	-51.469402	0.369000	-0.9
0.370000	-51.566982	0.370000	-0.9
0.371000	-51.664286	0.371000	-0.9
0.372000	-51.761314	0.372000	-0.9
0.373000	-51.858068	0.373000	-0.9
0.374000	-51.954548	0.374000	-0.9
0.375000	-52.050757	0.375000	-0.9
0.376000	-52.146693	0.376000	-0.9
0.377000	-52.242360	0.377000	-0.9
0.378000	-52.337757	0.378000	-0.9
0.379000	-52.432886	0.379000	-0.9
0.380000	-52.527747	0.380000	-0.9
0.381000	-52.622341	0.381000	-0.9
0.382000	-52.716670	0.382000	-0.9
0.383000	-52.810734	0.383000	-0.9
0.384000	-52.904535	0.384000	-0.9
0.385000	-52.998073	0.385000	-0.9
0.386000	-53.091348	0.386000	-0.9
0.387000	-53.184363	0.387000	-0.9
0.388000	-53.277118	0.388000	-0.9
0.389000	-53.369614	0.389000	-0.9
0.390000	-53.461852	0.390000	-0.9
0.391000	-53.553832	0.391000	-0.9
0.392000	-53.645556	0.392000	-0.9
0.393000	-53.737025	0.393000	-0.9
0.394000	-53.828239	0.394000	-0.9
0.395000	-53.919200	0.395000	-0.9
0.396000	-54.009908	0.396000	-0.9
0.397000	-54.100364	0.397000	-0.9
0.398000	-54.190569	0.398000	-0.9
0.399000	-54.280523	0.399000	-0.9
0.400000	-54.370229	0.400000	-0.9
0.401000	-54.459686	0.401000	-0.9
0.402000	-54.548896	0.402000	-0.9
0.403000	-54.637860	0.403000	-0.9
0.404000	-54.726577	0.404000	-0.9
0.405000	-54.815050	0.405000	-0.9
0.406000	-54.903279	0.406000	-0.9
0.407000	-54.991264	0.407000	-0.9
0.408000	-55.079007	0.408000	-0.9
0.409000	-55.166509	0.409000	-0.9
0.410000	-55.253770	0.410000	-0.9
0.411000	-55.340792	0.411000	-0.9
0.412000	-55.427574	0.412000	-0.9
0.413000	-55.514119	0.413000	-0.9
0.414000	-55.600426	0.414000	-0.9
0.415000	-55.686496	0.415000	-0.9
0.416000	-55.772331	0.416000	-0.9
0.417000	-55.857931	0.417000	-0.9
0.418000	-55.943298	0.418000	-0.9
0.419000	-56.028431	0.419000	-0.9
0.420000	-56.113331	0.420000	-0.9
0.421000	-56.198000	0.421000	-0.9
0.422000	-56.282438	0.422000	-0.9
0.423000	-56.366647	0.423000	-0.9
0.424000	-56.450626	0.424000	-0.9
0.425000	-56.534376	0.425000	-0.9
0.426000	-56.617899	0.426000	-0.9
0.427000	-56.701195	0.427000	-0.9
0.428000	-56.784266	0.428000	-0.9
0.429000	-56.867111	0.429000	-0.9
0.430000	-56.949731	0.430000	-0.9
0.431000	-57.032128	0.431000	-0.9
0.432000	-57.114301	0.432000	-0.9
0.433000	-57.196253	0.433000	-0.9
0.434000	-57.277983	0.434000	-0.9
0.435000	-57.359493	0.435000	-0.9
0.436000	-57.440782	0.436000	-0.9
0.437000	-57.521852	0.437000	-0.9
0.438000	-57.602704	0.438000	-0.9
0.439000	-57.683339	0.439000	-0.9
0.440000	-57.763756	0.440000	-0.9
0.441000	-57.843957	0.441000	-0.9
0.442000	-57.923943	0.442000	-0.9
0.443000	-58.003714	0.443000	-0.9
0.444000	-58.083271	0.444000	-0.9
0.445000	-58.162615	0.445000	-0.9
0.446000	-58.241747	0.446000	-0.9
0.447000	-58.320666	0.447000	-0.9
0.448000	-58.399375	0.448000	-0.9
0.449000	-58.477873	0.449000	-0.9
0.450000	-58.556161	0.450000	-0.9
0.451000	-58.634241	0.451000	-0.9
0.452000	-58.712112	0.452000	-0.9
0.453000	-58.789775	0.453000	-0.9
0.454000	-58.867232	0.454000	-0.9
0.455000	-58.944483	0.455000	-0.9
0.456000	-59.021528	0.456000	-0.9
0.457000	-59.098369	0.457000	-0.9
0.458000	-59.175006	0.458000	-0.9
0.459000	-59.251439	0.459000	-0.9
0.460000	-59.327669	0.460000	-0.9
0.461000	-59.403698	0.461000	-0.9
0.462000	-59.479525	0.462000	-0.9
0.463000	-59.555152	0.463000	-0.9
0.464000	-59.630578	0.464000	-0.9
0.465000	-59.705805	0.465000	-0.9
0.466000	-59.780834	0.466000	-0.9
0.467000	-59.855665	0.467000	-0.9
0.468000	-59.930298	0.468000	-0.9
0.469000	-60.004735	0.469000	-0.9
0.470000	-60.078976	0.470000	-0.9
0.471000	-60.153021	0.471000	-0.9
0.472000	-60.226872	0.472000	-0.9
0.473000	-60.300529	0.473000	-0.9
0.474000	-60.373992	0.474000	-0.9
0.475000	-60.447263	0.475000	-0.9
0.476000	-60.520341	0.476000	-0.9
0.477000	-60.593228	0.477000	-0.9
0.478000	-60.665925	0.478000	-0.9
0.479000	-60.738431	0.479000	-0.9
0.480000	-60.810747	0.480000	-0.9
0.481000	-60.882875	0.481000	-0.9
0.482000	-60.954814	0.482000	-0.9
0.483000	-61.026566	0.483000	-0.9
0.484000	-61.098130	0.484000	-0.9
0.485000	-61.169509	0.485000	-0.9
0.486000	-61.240701	0.486000	-0.9
0.487000	-61.311708	0.487000	-0.9
0.488000	-61.382531	0.488000	-0.9
0.489000	-61.453169	0.489000	-0.9
0.490000	-61.523625	0.490000	-0.9
0.491000	-61.593897	0.491000	-0.9
0.492000	-61.663987	0.492000	-0.9
0.493000	-61.733896	0.493000	-0.9
0.494000	-61.803624	0.494000	-0.9
0.495000	-61.873171	0.495000	-0.9
0.496000	-61.942539	0.496000	-0.9
0.497000	-62.011727	0.497000	-0.9
0.498000	-62.080737	0.498000	-0.9
0.499000	-62.149569	0.499000	-0.9
0.500000	-62.218223	0.500000	-0.9
0.501000	-62.286700	0.501000	-0.9
0.502000	-62.355002	0.502000	-0.9
0.503000	-62.423127	0.503000	-0.9
0.504000	-62.491077	0.504000	-0.9
0.505000	-62.558853	0.505000	-0.9
0.506000	-62.626455	0.506000	-0.9
0.507000	-62.693883	0.507000	-0.9
0.508000	-62.761139	0.508000	-0.9
0.509000	-62.828222	0.509000	-0.9
0.510000	-62.895134	0.510000	-0.9
0.511000	-62.961874	0.511000	-0.9
0.512000	-63.028444	0.512000	-0.9
0.513000	-63.094844	0.513000	-0.9
0.514000	-63.161074	0.514000	-0.9
0.515000	-63.227135	0.515000	-0.9
0.516000	-63.293028	0.516000	-0.9
0.517000	-63.358753	0.517000	-0.9
0.518000	-63.424310	0.518000	-0.9
0.519000	-63.489701	0.519000	-0.9
0.520000	-63.554926	0.520000	-0.9
0.521000	-63.619984	0.521000	-0.9
0.522000	-63.684878	0.522000	-0.9
0.523000	-63.749607	0.523000	-0.9
0.524000	-63.814172	0.524000	-0.9
0.525000	-63.878573	0.525000	-0.9
0.526000	-63.942812	0.526000	-0.9
0.527000	-64.006887	0.527000	-0.9
0.528000	-64.070801	0.528000	-0.9
0.529000	-64.134553	0.529000	-0.9
0.530000	-64.198145	0.530000	-0.9
0.531000	-64.261575	0.531000	-0.9
0.532000	-64.324846	0.532000	-0.9
0.533000	-64.387958	0.533000	-0.9
0.534000	-64.450910	0.534000	-0.9
0.535000	-64.513704	0.535000	-0.9
0.536000	-64.576341	0.536000	-0.9
0.537000	-64.638820	0.537000	-0.9
0.538000	-64.701141	0.538000	-0.9
0.539000	-64.763307	0.539000	-0.9
0.540000	-64.825317	0.540000	-0.9
0.541000	-64.887171	0.541000	-0.9
0.542000	-64.948870	0.542000	-0.9
0.543000	-65.010415	0.543000	-0.9
0.544000	-65.071806	0.544000	-0.9
0.545000	-65.133044	0.545000	-0.9
0.546000	-65.194128	0.546000	-0.9
0.547000	-65.255060	0.547000	-0.9
0.548000	-65.315841	0.548000	-0.9
0.549000	-65.376469	0.549000	-0.9
0.550000	-65.436947	0.550000	-0.9
0.551000	-65.497274	0.551000	-0.9
0.552000	-65.557451	0.552000	-0.9
0.553000	-65.617479	0.553000	-0.9
0.554000	-65.677357	0.554000	-0.9
0.555000	-65.737087	0.555000	-0.9
0.556000	-65.796668	0.556000	-0.9
0.557000	-65.856102	0.557000	-0.9
0.558000	-65.915389	0.558000	-0.9
0.559000	-65.974529	0.559000	-0.9
0.560000	-66.033522	0.560000	-0.9
0.561000	-66.092370	0.561000	-0.9
0.562000	-66.151072	0.562000	-0.9
0.563000	-66.209630	0.563000	-0.9
0.564000	-66.268042	0.564000	-0.9
0.565000	-66.326311	0.565000	-0.9
0.566000	-66.384437	0.566000	-0.9
0.567000	-66.442419	0.567000	-0.9
0.568000	-66.500258	0.568000	-0.9
0.569000	-66.557955	0.569000	-0.9
0.570000	-66.615511	0.570000	-0.9
0.571000	-66.672925	0.571000	-0.9
0.572000	-66.730198	0.572000	-0.9
0.573000	-66.787331	0.573000	-0.9
0.574000	-66.844323	0.574000	-0.9
0.575000	-66.901176	0.575000	-0.9
0.576000	-66.957890	0.576000	-0.9
0.577000	-67.014465	0.577000	-0.9
0.578000	-67.070902	0.578000	-0.9
0.579000	-67.127201	0.579000	-0.9
0.580000	-67.183363	0.580000	-0.9
0.581000	-67.239387	0.581000	-0.9
0.582000	-67.295275	0.582000	-0.9
0.583000	-67.351027	0.583000	-0.9
0.584000	-67.406643	0.584000	-0.9
0.585000	-67.462124	0.585000	-0.9
0.586000	-67.517470	0.586000	-0.9
0.587000	-67.572681	0.587000	-0.9
0.588000	-67.627758	0.588000	-0.9
0.589000	-67.682702	0.589000	-0.9
0.590000	-67.737512	0.590000	-0.9
0.591000	-67.792190	0.591000	-0.9
0.592000	-67.846735	0.592000	-0.9
0.593000	-67.901148	0.593000	-0.9
0.594000	-67.955430	0.594000	-0.9
0.595000	-68.009580	0.595000	-0.9
0.596000	-68.063599	0.596000	-0.9
0.597000	-68.117489	0.597000	-0.9
0.598000	-68.171248	0.598000	-0.9
0.599000	-68.224877	0.599000	-0.9
0.600000	-68.278377	0.600000	-0.9
0.601000	-68.331749	0.601000	-0.9
0.602000	-68.384992	0.602000	-0.9
0.603000	-68.438107	0.603000	-0.9
0.604000	-68.491095	0.604000	-0.9
0.605000	-68.543955	0.605000	-0.9
0.606000	-68.596688	0.606000	-0.9
0.607000	-68.649295	0.607000	-0.9
0.608000	-68.701776	0.608000	-0.9
0.609000	-68.754131	0.609000	-0.9
0.610000	-68.806361	0.610000	-0.9
0.611000	-68.858466	0.611000	-0.9
0.612000	-68.910446	0.612000	-0.9
0.613000	-68.962302	0.613000	-0.9
0.614000	-69.014035	0.614000	-0.9
0.615000	-69.065644	0.615000	-0.9
0.616000	-69.117130	0.616000	-0.9
0.617000	-69.168493	0.617000	-0.9
0.618000	-69.219734	0.618000	-0.9
0.619000	-69.270853	0.619000	-0.9
0.620000	-69.321851	0.620000	-0.9
0.621000	-69.372727	0.621000	-0.9
0.622000	-69.423483	0.622000	-0.9
0.623000	-69.474118	0.623000	-0.9
0.624000	-69.524633	0.624000	-0.9
0.625000	-69.575028	0.625000	-0.9
0.626000	-69.625304	0.626000	-0.9
0.627000	-69.675460	0.627000	-0.9
0.628000	-69.725499	0.628000	-0.9
0.629000	-69.775419	0.629000	-0.9
0.630000	-69.825221	0.630000	-0.9
0.631000	-69.874905	0.631000	-0.9
0.632000	-69.924472	0.632000	-0.9
0.633000	-69.973922	0.633000	-0.9
0.634000	-70.023256	0.634000	-0.9
0.635000	-70.072474	0.635000	-0.9
0.636000	-70.121575	0.636000	-0.9
0.637000	-70.170562	0.637000	-0.9
0.638000	-70.219433	0.638000	-0.9
0.639000	-70.268189	0.639000	-0.9
0.640000	-70.316831	0.640000	-0.9
0.641000	-70.365359	0.641000	-0.9
0.642000	-70.413773	0.642000	-0.9
0.643000	-70.462074	0.643000	-0.9
0.644000	-70.510261	0.644000	-0.9
0.645000	-70.558336	0.645000	-0.9
0.646000	-70.606298	0.646000	-0.9
0.647000	-70.654148	0.647000	-0.9
0.648000	-70.701887	0.648000	-0.9
0.649000	-70.749514	0.649000	-0.9
0.650000	-70.797030	0.650000	-0.9
0.651000	-70.844435	0.651000	-0.9
0.652000	-70.891730	0.652000	-0.9
0.653000	-70.938915	0.653000	-0.9
0.654000	-70.985990	0.654000	-0.9
0.655000	-71.032955	0.655000	-0.9
0.656000	-71.079812	0.656000	-0.9
0.657000	-71.126559	0.657000	-0.9
0.658000	-71.173198	0.658000	-0.9
0.659000	-71.219729	0.659000	-0.9
0.660000	-71.266152	0.660000	-0.9
0.661000	-71.312468	0.661000	-0.9
0.662000	-71.358676	0.662000	-0.9
0.663000	-71.404778	0.663000	-0.9
0.664000	-71.450773	0.664000	-0.9
0.665000	-71.496662	0.665000	-0.9
0.666000	-71.542444	0.666000	-0.9
0.667000	-71.588121	0.667000	-0.9
0.668000	-71.633693	0.668000	-0.9
0.669000	-71.679160	0.669000	-0.9
0.670000	-71.724522	0.670000	-0.9
0.671000	-71.769780	0.671000	-0.9
0.672000	-71.814933	0.672000	-0.9
0.673000	-71.859983	0.673000	-0.9
0.674000	-71.904929	0.674000	-0.9
0.675000	-71.949772	0.675000	-0.9
0.676000	-71.994513	0.676000	-0.9
0.677000	-72.039150	0.677000	-0.9
0.678000	-72.083686	0.678000	-0.9
0.679000	-72.128119	0.679000	-0.9
0.680000	-72.172451	0.680000	-0.9
0.681000	-72.216681	0.681000	-0.9
0.682000	-72.260810	0.682000	-0.9
0.683000	-72.304839	0.683000	-0.9
0.684000	-72.348766	0.684000	-0.9
0.685000	-72.392594	0.685000	-0.9
0.686000	-72.436322	0.686000	-0.9
0.687000	-72.479950	0.687000	-0.9
0.688000	-72.523479	0.688000	-0.9
0.689000	-72.566909	0.689000	-0.9
0.690000	-72.610240	0.690000	-0.9
0.691000	-72.653472	0.691000	-0.9
0.692000	-72.696606	0.692000	-0.9
0.693000	-72.739643	0.693000	-0.9
0.694000	-72.782581	0.694000	-0.9
0.695000	-72.825423	0.695000	-0.9
0.696000	-72.868167	0.696000	-0.9
0.697000	-72.910815	0.697000	-0.9
0.698000	-72.953366	0.698000	-0.9
0.699000	-72.995821	0.699000	-0.9
0.700000	-73.038180	0.700000	-0.9
0.701000	-73.080443	0.701000	-0.9
0.702000	-73.122611	0.702000	-0.9
0.703000	-73.164683	0.703000	-0.9
0.704000	-73.206661	0.704000	-0.9
0.705000	-73.248544	0.705000	-0.9
0.706000	-73.290333	0.706000	-0.9
0.707000	-73.332028	0.707000	-0.9
0.708000	-73.373629	0.708000	-0.9
0.709000	-73.415137	0.709000	-0.9
0.710000	-73.456551	0.710000	-0.9
0.711000	-73.497873	0.711000	-0.9
0.712000	-73.539102	0.712000	-0.9
0.713000	-73.580238	0.713000	-0.9
0.714000	-73.621282	0.714000	-0.9
0.715000	-73.662234	0.715000	-0.9
0.716000	-73.703095	0.716000	-0.9
0.717000	-73.743864	0.717000	-0.9
0.718000	-73.784542	0.718000	-0.9
0.719000	-73.825129	0.719000	-0.9
0.720000	-73.865626	0.720000	-0.9
0.721000	-73.906032	0.721000	-0.9
0.722000	-73.946349	0.722000	-0.9
0.723000	-73.986575	0.723000	-0.9
0.724000	-74.026712	0.724000	-0.9
0.725000	-74.066759	0.725000	-0.9
0.726000	-74.106718	0.726000	-0.9
0.727000	-74.146587	0.727000	-0.9
0.728000	-74.186368	0.728000	-0.9
0.729000	-74.226061	0.729000	-0.9
0.730000	-74.265666	0.730000	-0.9
0.731000	-74.305182	0.731000	-0.9
0.732000	-74.344612	0.732000	-0.9
0.733000	-74.383954	0.733000	-0.9
0.734000	-74.423208	0.734000	-0.9
0.735000	-74.462377	0.735000	-0.9
0.736000	-74.501458	0.736000	-0.9
0.737000	-74.540453	0.737000	-0.9
0.738000	-74.579362	0.738000	-0.9
0.739000	-74.618185	0.739000	-0.9
0.740000	-74.656923	0.740000	-0.9
0.741000	-74.695575	0.741000	-0.9
0.742000	-74.734142	0.742000	-0.9
0.743000	-74.772624	0.743000	-0.9
0.744000	-74.811022	0.744000	-0.9
0.745000	-74.849335	0.745000	-0.9
0.746000	-74.887564	0.746000	-0.9
0.747000	-74.925709	0.747000	-0.9
0.748000	-74.963770	0.748000	-0.9
0.749000	-75.001748	0.749000	-0.9
0.750000	-75.039642	0.750000	-0.9
0.751000	-75.077454	0.751000	-0.9
0.752000	-75.115183	0.752000	-0.9
0.753000	-75.152829	0.753000	-0.9
0.754000	-75.190393	0.754000	-0.9
0.755000	-75.227875	0.755000	-0.9
0.756000	-75.265275	0.756000	-0.9
0.757000	-75.302593	0.757000	-0.9
0.758000	-75.339830	0.758000	-0.9
0.759000	-75.376986	0.759000	-0.9
0.760000	-75.414061	0.760000	-0.9
0.761000	-75.451055	0.761000	-0.9
0.762000	-75.487968	0.762000	-0.9
0.763000	-75.524802	0.763000	-0.9
0.764000	-75.561555	0.764000	-0.9
0.765000	-75.598228	0.765000	-0.9
0.766000	-75.634822	0.766000	-0.9
0.767000	-75.671337	0.767000	-0.9
0.768000	-75.707772	0.768000	-0.9
0.769000	-75.744128	0.769000	-0.9
0.770000	-75.780406	0.770000	-0.9
0.771000	-75.816605	0.771000	-0.9
0.772000	-75.852726	0.772000	-0.9
0.773000	-75.888768	0.773000	-0.9
0.774000	-75.924733	0.774000	-0.9
0.775000	-75.960620	0.775000	-0.9
0.776000	-75.996430	0.776000	-0.9
0.777000	-76.032163	0.777000	-0.9
0.778000	-76.067818	0.778000	-0.9
0.779000	-76.103397	0.779000	-0.9
0.780000	-76.138899	0.780000	-0.9
0.781000	-76.174325	0.781000	-0.9
0.782000	-76.209674	0.782000	-0.9
0.783000	-76.244948	0.783000	-0.9
0.784000	-76.280146	0.784000	-0.9
0.785000	-76.315268	0.785000	-0.9
0.786000	-76.350315	0.786000	-0.9
0.787000	-76.385287	0.787000	-0.9
0.788000	-76.420183	0.788000	-0.9
0.789000	-76.455006	0.789000	-0.9
0.790000	-76.489753	0.790000	-0.9
0.791000	-76.524427	0.791000	-0.9
0.792000	-76.559026	0.792000	-0.9
0.793000	-76.593551	0.793000	-0.9
0.794000	-76.628003	0.794000	-0.9
0.795000	-76.662381	0.795000	-0.9
0.796000	-76.696686	0.796000	-0.9
0.797000	-76.730917	0.797000	-0.9
0.798000	-76.765076	0.798000	-0.9
0.799000	-76.799162	0.799000	-0.9
0.800000	-76.833176	0.800000	-0.9
0.801000	-76.867117	0.801000	-0.9
0.802000	-76.900986	0.802000	-0.9
0.803000	-76.934784	0.803000	-0.9
0.804000	-76.968509	0.804000	-0.9
0.805000	-77.002163	0.805000	-0.9
0.806000	-77.035746	0.806000	-0.9
0.807000	-77.069257	0.807000	-0.9
0.808000	-77.102698	0.808000	-0.9
0.809000	-77.136067	0.809000	-0.9
0.810000	-77.169366	0.810000	-0.9
0.811000	-77.202595	0.811000	-0.9
0.812000	-77.235754	0.812000	-0.9
0.813000	-77.268842	0.813000	-0.9
0.814000	-77.301861	0.814000	-0.9
0.815000	-77.334810	0.815000	-0.9
0.816000	-77.367690	0.816000	-0.9
0.817000	-77.400501	0.817000	-0.9
0.818000	-77.433242	0.818000	-0.9
0.819000	-77.465915	0.819000	-0.9
0.820000	-77.498518	0.820000	-0.9
0.821000	-77.531054	0.821000	-0.9
0.822000	-77.563521	0.822000	-0.9
0.823000	-77.595920	0.823000	-0.9
0.824000	-77.628251	0.824000	-0.9
0.825000	-77.660514	0.825000	-0.9
0.826000	-77.692709	0.826000	-0.9
0.827000	-77.724837	0.827000	-0.9
0.828000	-77.756898	0.828000	-0.9
0.829000	-77.788892	0.829000	-0.9
0.830000	-77.820819	0.830000	-0.9
0.831000	-77.852679	0.831000	-0.9
0.832000	-77.884473	0.832000	-0.9
0.833000	-77.916200	0.833000	-0.9
0.834000	-77.947862	0.834000	-0.9
0.835000	-77.979457	0.835000	-0.9
0.836000	-78.010986	0.836000	-0.9
0.837000	-78.042450	0.837000	-0.9
0.838000	-78.073848	0.838000	-0.9
0.839000	-78.105181	0.839000	-0.9
0.840000	-78.136449	0.840000	-0.9
0.841000	-78.167652	0.841000	-0.9
0.842000	-78.198790	0.842000	-0.9
0.843000	-78.229864	0.843000	-0.9
0.844000	-78.260873	0.844000	-0.9
0.845000	-78.291818	0.845000	-0.9
0.846000	-78.322699	0.846000	-0.9
0.847000	-78.353516	0.847000	-0.9
0.848000	-78.384269	0.848000	-0.9
0.849000	-78.414959	0.849000	-0.9
0.850000	-78.445585	0.850000	-0.9
0.851000	-78.476148	0.851000	-0.9
0.852000	-78.506647	0.852000	-0.9
0.853000	-78.537084	0.853000	-0.9
0.854000	-78.567459	0.854000	-0.9
0.855000	-78.597770	0.855000	-0.9
0.856000	-78.628019	0.856000	-0.9
0.857000	-78.658206	0.857000	-0.9
0.858000	-78.688331	0.858000	-0.9
0.859000	-78.718394	0.859000	-0.9
0.860000	-78.748395	0.860000	-0.9
0.861000	-78.778335	0.861000	-0.9
0.862000	-78.808213	0.862000	-0.9
0.863000	-78.838030	0.863000	-0.9
0.864000	-78.867785	0.864000	-0.9
0.865000	-78.897480	0.865000	-0.9
0.866000	-78.927114	0.866000	-0.9
0.867000	-78.956688	0.867000	-0.9
0.868000	-78.986200	0.868000	-0.9
0.869000	-79.015653	0.869000	-0.9
0.870000	-79.045045	0.870000	-0.9
0.871000	-79.074378	0.871000	-0.9
0.872000	-79.103650	0.872000	-0.9
0.873000	-79.132863	0.873000	-0.9
0.874000	-79.162016	0.874000	-0.9
0.875000	-79.191110	0.875000	-0.9
0.876000	-79.220145	0.876000	-0.9
0.877000	-79.249120	0.877000	-0.9
0.878000	-79.278037	0.878000	-0.9
0.879000	-79.306895	0.879000	-0.9
0.880000	-79.335694	0.880000	-0.9
0.881000	-79.364435	0.881000	-0.9
0.882000	-79.393118	0.882000	-0.9
0.883000	-79.421742	0.883000	-0.9
0.884000	-79.450308	0.884000	-0.9
0.885000	-79.478817	0.885000	-0.9
0.886000	-79.507268	0.886000	-0.9
0.887000	-79.535661	0.887000	-0.9
0.888000	-79.563997	0.888000	-0.9
0.889000	-79.592275	0.889000	-0.9
0.890000	-79.620497	0.890000	-0.9
0.891000	-79.648661	0.891000	-0.9
0.892000	-79.676769	0.892000	-0.9
0.893000	-79.704820	0.893000	-0.9
0.894000	-79.732814	0.894000	-0.9
0.895000	-79.760752	0.895000	-0.9
0.896000	-79.788634	0.896000	-0.9
0.897000	-79.816460	0.897000	-0.9
0.898000	-79.844230	0.898000	-0.9
0.899000	-79.871944	0.899000	-0.9
0.900000	-79.899602	0.900000	-0.9
0.901000	-79.927205	0.901000	-0.9
0.902000	-79.954752	0.902000	-0.9
0.903000	-79.982245	0.903000	-0.9
0.904000	-80.009682	0.904000	-0.9
0.905000	-80.037064	0.905000	-0.9
0.906000	-80.064391	0.906000	-0.9
0.907000	-80.091664	0.907000	-0.9
0.908000	-80.118882	0.908000	-0.9
0.909000	-80.146046	0.909000	-0.9
0.910000	-80.173155	0.910000	-0.9
0.911000	-80.200211	0.911000	-0.9
0.912000	-80.227212	0.912000	-0.9
0.913000	-80.254160	0.913000	-0.9
0.914000	-80.281054	0.914000	-0.9
0.915000	-80.307894	0.915000	-0.9
0.916000	-80.334681	0.916000	-0.9
0.917000	-80.361415	0.917000	-0.9
0.918000	-80.388095	0.918000	-0.9
0.919000	-80.414723	0.919000	-0.9
0.920000	-80.441297	0.920000	-0.9
0.921000	-80.467819	0.921000	-0.9
0.922000	-80.494288	0.922000	-0.9
0.923000	-80.520705	0.923000	-0.9
0.924000	-80.547070	0.924000	-0.9
0.925000	-80.573382	0.925000	-0.9
0.926000	-80.599642	0.926000	-0.9
0.927000	-80.625850	0.927000	-0.9
0.928000	-80.652006	0.928000	-0.9
0.929000	-80.678111	0.929000	-0.9
0.930000	-80.704164	0.930000	-0.9
0.931000	-80.730166	0.931000	-0.9
0.932000	-80.756116	0.932000	-0.9
0.933000	-80.782015	0.933000	-0.9
0.934000	-80.807863	0.934000	-0.9
0.935000	-80.833661	0.935000	-0.9
0.936000	-80.859407	0.936000	-0.9
0.937000	-80.885103	0.937000	-0.9
0.938000	-80.910748	0.938000	-0.9
0.939000	-80.936343	0.939000	-0.9
0.940000	-80.961888	0.940000	-0.9
0.941000	-80.987382	0.941000	-0.9
0.942000	-81.012827	0.942000	-0.9
0.943000	-81.038221	0.943000	-0.9
0.944000	-81.063566	0.944000	-0.9
0.945000	-81.088861	0.945000	-0.9
0.946000	-81.114107	0.946000	-0.9
0.947000	-81.139303	0.947000	-0.9
0.948000	-81.164450	0.948000	-0.9
0.949000	-81.189548	0.949000	-0.9
0.950000	-81.214596	0.950000	-0.9
0.951000	-81.239596	0.951000	-0.9
0.952000	-81.264547	0.952000	-0.9
0.953000	-81.289450	0.953000	-0.9
0.954000	-81.314304	0.954000	-0.9
0.955000	-81.339109	0.955000	-0.9
0.956000	-81.363866	0.956000	-0.9
0.957000	-81.388575	0.957000	-0.9
0.958000	-81.413236	0.958000	-0.9
0.959000	-81.437849	0.959000	-0.9
0.960000	-81.462414	0.960000	-0.9
0.961000	-81.486932	0.961000	-0.9
0.962000	-81.511402	0.962000	-0.9
0.963000	-81.535824	0.963000	-0.9
0.964000	-81.560199	0.964000	-0.9
0.965000	-81.584527	0.965000	-0.9
0.966000	-81.608808	0.966000	-0.9
0.967000	-81.633042	0.967000	-0.9
0.968000	-81.657229	0.968000	-0.9
0.969000	-81.681369	0.969000	-0.9
0.970000	-81.705462	0.970000	-0.9
0.971000	-81.729509	0.971000	-0.9
0.972000	-81.753510	0.972000	-0.9
0.973000	-81.777464	0.973000	-0.9
0.974000	-81.801372	0.974000	-0.9
0.975000	-81.825234	0.975000	-0.9
0.976000	-81.849050	0.976000	-0.9
0.977000	-81.872821	0.977000	-0.9
0.978000	-81.896545	0.978000	-0.9
0.979000	-81.920224	0.979000	-0.9
0.980000	-81.943857	0.980000	-0.9
0.981000	-81.967445	0.981000	-0.9
0.982000	-81.990988	0.982000	-0.9
0.983000	-82.014486	0.983000	-0.9
0.984000	-82.037938	0.984000	-0.9
0.985000	-82.061346	0.985000	-0.9
0.986000	-82.084708	0.986000	-0.9
0.987000	-82.108026	0.987000	-0.9
0.988000	-82.131300	0.988000	-0.9
0.989000	-82.154529	0.989000	-0.9
0.990000	-82.177713	0.990000	-0.9
0.991000	-82.200853	0.991000	-0.9
0.992000	-82.223949	0.992000	-0.9
0.993000	-82.247001	0.993000	-0.9
0.994000	-82.270009	0.994000	-0.9
0.995000	-82.292973	0.995000	-0.9
0.996000	-82.315893	0.996000	-0.9
0.997000	-82.338770	0.997000	-0.9
0.998000	-82.361603	0.998000	-0.9
0.999000	-82.384393	0.999000	-0.9
